DEBUG: Parsing color string: 'F 220,100,0
'
DEBUG: After trimming: '220,100,0'
DEBUG: Successfully parsed color
DEBUG: Parsing color string: 'C 225,30,0
'
DEBUG: After trimming: '225,30,0'
DEBUG: Successfully parsed color
[0;32m1[0m[0;32m1[0m[0;32m1[0m[0;32m1[0m[0;32m1[0m
[0;32m1[0m[0;32m0[0m[0;32m0[0m[0;32m0[0m[0;32m1[0m
[0;32m1[0m[0;32m0[0m[0;32mN[0m[0;32m0[0m[0;32m1[0m
[0;32m1[0m[0;32m0[0m[0;32m0[0m[0;32m0[0m[0;32m1[0m
[0;32m1[0m[0;32m1[0m[0;32m1[0m[0;32m1[0m[0;32m1[0m

Texture Pointers:
West: 0x7fced240e480
East: 0x7fced240e420
North: 0x7fced3704150
South: 0x7fced4404830

Image Pointers:
West: 0x0
East: 0x0
North: 0x0
South: 0x0

Colors:
Ceiling: 0x8X
Floor: 0x8X

Flags:
Ceiling set: 1
Floor set: 1
[0;32m------------------------------------
MAP VALID >>> START GAME
------------------------------------

[0m4.19 110.62 193.21 160.00 160.00 
4.19 110.56 193.55 160.00 160.00 
4.19 110.49 193.90 160.00 160.00 
4.20 110.43 194.25 160.00 160.00 
4.20 110.36 194.60 160.00 160.00 
4.20 110.30 194.95 160.00 160.00 
4.20 110.24 195.31 160.00 160.00 
4.20 110.17 195.66 160.00 160.00 
4.20 110.11 196.02 160.00 160.00 
4.20 110.05 196.38 160.00 160.00 
4.20 109.98 196.74 160.00 160.00 
4.20 109.92 197.10 160.00 160.00 
4.20 109.86 197.46 160.00 160.00 
4.21 109.79 197.83 160.00 160.00 
4.21 109.73 198.19 160.00 160.00 
4.21 109.67 198.56 160.00 160.00 
4.21 109.61 198.93 160.00 160.00 
4.21 109.55 199.30 160.00 160.00 
4.21 109.48 199.67 160.00 160.00 
4.21 109.42 200.05 160.00 160.00 
4.21 109.36 200.42 160.00 160.00 
4.21 109.30 200.80 160.00 160.00 
4.21 109.24 201.18 160.00 160.00 
4.22 109.18 201.56 160.00 160.00 
4.22 109.12 201.94 160.00 160.00 
4.22 109.06 202.33 160.00 160.00 
4.22 109.00 202.71 160.00 160.00 
4.22 108.94 203.10 160.00 160.00 
4.22 108.88 203.49 160.00 160.00 
4.22 108.82 203.88 160.00 160.00 
4.22 108.76 204.27 160.00 160.00 
4.22 108.70 204.67 160.00 160.00 
4.23 108.64 205.06 160.00 160.00 
4.23 108.58 205.46 160.00 160.00 
4.23 108.52 205.86 160.00 160.00 
4.23 108.46 206.26 160.00 160.00 
4.23 108.41 206.66 160.00 160.00 
4.23 108.35 207.07 160.00 160.00 
4.23 108.29 207.48 160.00 160.00 
4.23 108.23 207.88 160.00 160.00 
4.23 108.17 208.29 160.00 160.00 
4.23 108.12 208.71 160.00 160.00 
4.24 108.06 209.12 160.00 160.00 
4.24 108.00 209.54 160.00 160.00 
4.24 107.94 209.95 160.00 160.00 
4.24 107.89 210.37 160.00 160.00 
4.24 107.83 210.80 160.00 160.00 
4.24 107.78 211.22 160.00 160.00 
4.24 107.72 211.64 160.00 160.00 
4.24 107.66 212.07 160.00 160.00 
4.24 107.61 212.50 160.00 160.00 
4.24 107.55 212.93 160.00 160.00 
4.25 107.50 213.37 160.00 160.00 
4.25 107.44 213.80 160.00 160.00 
4.25 107.38 214.24 160.00 160.00 
4.25 107.33 214.68 160.00 160.00 
4.25 107.27 215.12 160.00 160.00 
4.25 107.22 215.56 160.00 160.00 
4.25 107.17 216.01 160.00 160.00 
4.25 107.11 216.45 160.00 160.00 
4.25 107.06 216.90 160.00 160.00 
4.25 107.00 217.36 160.00 160.00 
4.26 106.95 217.81 160.00 160.00 
4.26 106.89 218.26 160.00 160.00 
4.26 106.84 218.72 160.00 160.00 
4.26 106.79 219.18 160.00 160.00 
4.26 106.73 219.65 160.00 160.00 
4.26 106.68 220.11 160.00 160.00 
4.26 106.63 220.58 160.00 160.00 
4.26 106.58 221.05 160.00 160.00 
4.26 106.52 221.52 160.00 160.00 
4.27 106.47 221.99 160.00 160.00 
4.27 106.42 222.47 160.00 160.00 
4.27 106.37 222.94 160.00 160.00 
4.27 106.31 223.42 160.00 160.00 
4.27 106.26 223.91 160.00 160.00 
4.27 106.21 224.39 160.00 160.00 
4.27 106.16 224.88 160.00 160.00 
4.27 106.11 225.37 160.00 160.00 
4.27 106.06 225.86 160.00 160.00 
4.27 106.01 226.35 160.00 160.00 
4.28 105.96 226.85 160.00 160.00 
4.28 105.90 227.35 160.00 160.00 
4.28 105.85 227.85 160.00 160.00 
4.28 105.80 228.36 160.00 160.00 
4.28 105.75 228.86 160.00 160.00 
4.28 105.70 229.37 160.00 160.00 
4.28 105.65 229.88 160.00 160.00 
4.28 105.60 230.40 160.00 160.00 
4.28 105.55 230.91 160.00 160.00 
4.28 105.51 231.43 160.00 160.00 
4.29 105.46 231.95 160.00 160.00 
4.29 105.41 232.48 160.00 160.00 
4.29 105.36 233.01 160.00 160.00 
4.29 105.31 233.53 160.00 160.00 
4.29 105.26 234.07 160.00 160.00 
4.29 105.21 234.60 160.00 160.00 
4.29 105.16 235.14 160.00 160.00 
4.29 105.12 235.68 160.00 160.00 
4.29 105.07 236.22 160.00 160.00 
4.29 105.02 236.77 160.00 160.00 
4.30 104.97 237.32 160.00 160.00 
4.30 104.92 237.87 160.00 160.00 
4.30 104.88 238.42 160.00 160.00 
4.30 104.83 238.98 160.00 160.00 
4.30 104.78 239.54 160.00 160.00 
4.30 104.74 240.10 160.00 160.00 
4.30 104.69 240.67 160.00 160.00 
4.30 104.64 241.24 160.00 160.00 
4.30 104.60 241.81 160.00 160.00 
4.31 104.55 242.38 160.00 160.00 
4.31 104.50 242.96 160.00 160.00 
4.31 104.46 243.54 160.00 160.00 
4.31 104.41 244.13 160.00 160.00 
4.31 104.37 244.71 160.00 160.00 
4.31 104.32 245.30 160.00 160.00 
4.31 104.28 245.90 160.00 160.00 
4.31 104.23 246.49 160.00 160.00 
4.31 104.18 247.09 160.00 160.00 
4.31 104.14 247.69 160.00 160.00 
4.32 104.10 248.30 160.00 160.00 
4.32 104.05 248.91 160.00 160.00 
4.32 104.01 249.52 160.00 160.00 
4.32 103.96 250.13 160.00 160.00 
4.32 103.92 250.75 160.00 160.00 
4.32 103.87 251.38 160.00 160.00 
4.32 103.83 252.00 160.00 160.00 
4.32 103.79 252.63 160.00 160.00 
4.32 103.74 253.26 160.00 160.00 
4.32 103.70 253.90 160.00 160.00 
4.33 103.65 254.54 160.00 160.00 
4.33 103.61 255.18 160.00 160.00 
4.33 103.57 255.82 160.00 160.00 
4.33 103.53 256.47 160.00 160.00 
4.33 103.48 257.13 160.00 160.00 
4.33 103.44 257.78 160.00 160.00 
4.33 103.40 258.45 160.00 160.00 
4.33 103.36 259.11 160.00 160.00 
4.33 103.31 259.78 160.00 160.00 
4.33 103.27 260.45 160.00 160.00 
4.34 103.23 261.12 160.00 160.00 
4.34 103.19 261.80 160.00 160.00 
4.34 103.15 262.49 160.00 160.00 
4.34 103.10 263.17 160.00 160.00 
4.34 103.06 263.86 160.00 160.00 
4.34 103.02 264.56 160.00 160.00 
4.34 102.98 265.26 160.00 160.00 
4.34 102.94 265.96 160.00 160.00 
4.34 102.90 266.66 160.00 160.00 
4.35 102.86 267.38 160.00 160.00 
4.35 102.82 268.09 160.00 160.00 
4.35 102.78 268.81 160.00 160.00 
4.35 102.74 269.53 160.00 160.00 
4.35 102.70 270.26 160.00 160.00 
4.35 102.66 270.99 160.00 160.00 
4.35 102.62 271.73 160.00 160.00 
4.35 102.58 272.47 160.00 160.00 
4.35 102.54 273.21 160.00 160.00 
4.35 102.50 273.96 160.00 160.00 
4.36 102.46 274.71 160.00 160.00 
4.36 102.42 275.47 160.00 160.00 
4.36 102.38 276.23 160.00 160.00 
4.36 102.34 277.00 160.00 160.00 
4.36 102.30 277.77 160.00 160.00 
4.36 102.27 278.54 160.00 160.00 
4.36 102.23 279.32 160.00 160.00 
4.36 102.19 280.11 160.00 160.00 
4.36 102.15 280.90 160.00 160.00 
4.36 102.11 281.69 160.00 160.00 
4.37 102.07 282.49 160.00 160.00 
4.37 102.04 283.29 160.00 160.00 
4.37 102.00 284.10 160.00 160.00 
4.37 101.96 284.92 160.00 160.00 
4.37 101.92 285.74 160.00 160.00 
4.37 101.89 286.56 160.00 160.00 
4.37 101.85 287.39 160.00 160.00 
4.37 101.81 288.22 160.00 160.00 
4.37 101.78 289.06 160.00 160.00 
4.37 101.74 289.91 160.00 160.00 
4.38 101.70 290.75 160.00 160.00 
4.38 101.67 291.61 160.00 160.00 
4.38 101.63 292.47 160.00 160.00 
4.38 101.59 293.34 160.00 160.00 
4.38 101.56 294.21 160.00 160.00 
4.38 101.52 295.08 160.00 160.00 
4.38 101.49 295.96 160.00 160.00 
4.38 101.45 296.85 160.00 160.00 
4.38 101.42 297.75 160.00 160.00 
4.39 101.38 298.64 160.00 160.00 
4.39 101.35 299.55 160.00 160.00 
4.39 101.31 300.46 160.00 160.00 
4.39 101.28 301.38 160.00 160.00 
4.39 101.24 302.30 160.00 160.00 
4.39 101.21 303.23 160.00 160.00 
4.39 101.17 101.39 160.00 160.00 
4.39 101.14 101.70 160.00 160.00 
4.39 101.10 102.02 160.00 160.00 
4.39 101.07 102.33 160.00 160.00 
4.40 101.03 102.65 160.00 160.00 
4.40 101.00 102.98 160.00 160.00 
4.40 100.97 103.30 160.00 160.00 
4.40 100.93 103.63 160.00 160.00 
4.40 100.90 103.95 160.00 160.00 
4.40 100.87 104.28 160.00 160.00 
4.40 100.83 104.62 160.00 160.00 
4.40 100.80 104.95 160.00 160.00 
4.40 100.77 105.29 160.00 160.00 
4.40 100.73 105.63 160.00 160.00 
4.41 100.70 105.97 160.00 160.00 
4.41 100.67 106.31 160.00 160.00 
4.41 100.64 106.66 160.00 160.00 
4.41 100.60 107.01 160.00 160.00 
4.41 100.57 107.36 160.00 160.00 
4.41 100.54 107.72 160.00 160.00 
4.41 100.51 108.07 160.00 160.00 
4.41 100.48 108.43 160.00 160.00 
4.41 100.44 108.79 160.00 160.00 
4.41 100.41 109.15 160.00 160.00 
4.42 100.38 109.52 160.00 160.00 
4.42 100.35 109.89 160.00 160.00 
4.42 100.32 110.26 160.00 160.00 
4.42 100.29 110.64 160.00 160.00 
4.42 100.26 111.01 160.00 160.00 
4.42 100.22 111.39 160.00 160.00 
4.42 100.19 111.77 160.00 160.00 
4.42 100.16 112.16 160.00 160.00 
4.42 100.13 112.55 160.00 160.00 
4.43 100.10 112.94 160.00 160.00 
4.43 100.07 113.33 160.00 160.00 
4.43 100.04 113.73 160.00 160.00 
4.43 100.01 114.13 160.00 160.00 
4.43 99.98 114.53 160.00 160.00 
4.43 99.95 114.93 160.00 160.00 
4.43 99.92 115.34 160.00 160.00 
4.43 99.89 115.75 160.00 160.00 
4.43 99.86 116.17 160.00 160.00 
4.43 99.83 116.58 160.00 160.00 
4.44 99.81 117.00 160.00 160.00 
4.44 99.78 117.43 160.00 160.00 
4.44 99.75 117.85 160.00 160.00 
4.44 99.72 118.28 160.00 160.00 
4.44 99.69 118.72 160.00 160.00 
4.44 99.66 119.15 160.00 160.00 
4.44 99.63 119.59 160.00 160.00 
4.44 99.60 120.04 160.00 160.00 
4.44 99.58 120.48 160.00 160.00 
4.44 99.55 120.93 160.00 160.00 
4.45 99.52 121.39 160.00 160.00 
4.45 99.49 121.84 160.00 160.00 
4.45 99.46 122.30 160.00 160.00 
4.45 99.44 122.77 160.00 160.00 
4.45 99.41 123.24 160.00 160.00 
4.45 99.38 123.71 160.00 160.00 
4.45 99.36 124.18 160.00 160.00 
4.45 99.33 124.66 160.00 160.00 
4.45 99.30 125.15 160.00 160.00 
4.45 99.27 125.63 160.00 160.00 
4.46 99.25 126.12 160.00 160.00 
4.46 99.22 126.62 160.00 160.00 
4.46 99.19 127.12 160.00 160.00 
4.46 99.17 127.62 160.00 160.00 
4.46 99.14 128.13 160.00 160.00 
4.46 99.12 128.64 160.00 160.00 
4.46 99.09 129.15 160.00 160.00 
4.46 99.06 129.67 160.00 160.00 
4.46 99.04 130.20 160.00 160.00 
4.47 99.01 130.73 160.00 160.00 
4.47 98.99 131.26 160.00 160.00 
4.47 98.96 131.80 160.00 160.00 
4.47 98.94 132.34 160.00 160.00 
4.47 98.91 132.89 160.00 160.00 
4.47 98.89 133.44 160.00 160.00 
4.47 98.86 133.99 160.00 160.00 
4.47 98.84 134.56 160.00 160.00 
4.47 98.81 135.12 160.00 160.00 
4.47 98.79 135.69 160.00 160.00 
4.48 98.76 136.27 160.00 160.00 
4.48 98.74 136.85 160.00 160.00 
4.48 98.71 137.43 160.00 160.00 
4.48 98.69 138.03 160.00 160.00 
4.48 98.66 138.62 160.00 160.00 
4.48 98.64 139.22 160.00 160.00 
4.48 98.62 139.83 160.00 160.00 
4.48 98.59 140.44 160.00 160.00 
4.48 98.57 141.06 160.00 160.00 
4.48 98.55 141.69 160.00 160.00 
4.49 98.52 142.31 160.00 160.00 
4.49 98.50 142.95 160.00 160.00 
4.49 98.48 143.59 160.00 160.00 
4.49 98.45 144.24 160.00 160.00 
4.49 98.43 144.89 160.00 160.00 
4.49 98.41 145.55 160.00 160.00 
4.49 98.39 146.22 160.00 160.00 
4.49 98.36 146.89 160.00 160.00 
4.49 98.34 147.56 160.00 160.00 
4.49 98.32 148.25 160.00 160.00 
4.50 98.30 148.94 160.00 160.00 
4.50 98.27 149.64 160.00 160.00 
4.50 98.25 150.34 160.00 160.00 
4.50 98.23 151.05 160.00 160.00 
4.50 98.21 151.77 160.00 160.00 
4.50 98.19 152.49 160.00 160.00 
4.50 98.16 153.23 160.00 160.00 
4.50 98.14 153.97 160.00 160.00 
4.50 98.12 154.71 160.00 160.00 
4.51 98.10 155.47 160.00 160.00 
4.51 98.08 156.23 160.00 160.00 
4.51 98.06 157.00 160.00 160.00 
4.51 98.04 157.77 160.00 160.00 
4.51 98.02 158.56 160.00 160.00 
4.51 98.00 159.35 160.00 160.00 
4.51 97.98 160.15 160.00 160.00 
4.51 97.96 160.96 160.00 160.00 
4.51 97.93 161.78 160.00 160.00 
4.51 97.91 162.61 160.00 160.00 
4.52 97.89 163.44 160.00 160.00 
4.52 97.87 164.28 160.00 160.00 
4.52 97.85 165.14 160.00 160.00 
4.52 97.84 166.00 160.00 160.00 
4.52 97.82 166.87 160.00 160.00 
4.52 97.80 167.75 160.00 160.00 
4.52 97.78 168.64 160.00 160.00 
4.52 97.76 169.54 160.00 160.00 
4.52 97.74 170.45 160.00 160.00 
4.52 97.72 171.37 160.00 160.00 
4.53 97.70 172.30 160.00 160.00 
4.53 97.68 173.24 160.00 160.00 
4.53 97.66 174.19 160.00 160.00 
4.53 97.64 175.15 160.00 160.00 
4.53 97.62 176.12 160.00 160.00 
4.53 97.61 177.10 160.00 160.00 
4.53 97.59 178.10 160.00 160.00 
4.53 97.57 179.10 160.00 160.00 
4.53 97.55 180.12 160.00 160.00 
4.53 97.53 181.15 160.00 160.00 
4.54 97.52 182.19 160.00 160.00 
4.54 97.50 183.24 160.00 160.00 
4.54 97.48 184.31 160.00 160.00 
4.54 97.46 185.39 160.00 160.00 
4.54 97.45 186.48 160.00 160.00 
4.54 97.43 187.58 160.00 160.00 
4.54 97.41 188.70 160.00 160.00 
4.54 97.39 189.83 160.00 160.00 
4.54 97.38 190.97 160.00 160.00 
4.55 97.36 192.13 160.00 160.00 
4.55 97.34 193.31 160.00 160.00 
4.55 97.33 194.49 160.00 160.00 
4.55 97.31 195.70 160.00 160.00 
4.55 97.29 196.92 160.00 160.00 
4.55 97.28 198.15 160.00 160.00 
4.55 97.26 199.40 160.00 160.00 
4.55 97.24 200.66 160.00 160.00 
4.55 97.23 201.95 160.00 160.00 
4.55 97.21 203.24 160.00 160.00 
4.56 97.20 204.56 160.00 160.00 
4.56 97.18 205.89 160.00 160.00 
4.56 97.17 207.24 160.00 160.00 
4.56 97.15 208.61 160.00 160.00 
4.56 97.13 210.00 160.00 160.00 
4.56 97.12 211.40 160.00 160.00 
4.56 97.10 212.83 160.00 160.00 
4.56 97.09 214.27 160.00 160.00 
4.56 97.07 215.74 160.00 160.00 
4.56 97.06 217.22 160.00 160.00 
4.57 97.04 218.73 160.00 160.00 
4.57 97.03 220.26 160.00 160.00 
4.57 97.01 221.80 160.00 160.00 
4.57 97.00 223.37 160.00 160.00 
4.57 96.99 224.97 160.00 160.00 
4.57 96.97 226.58 160.00 160.00 
4.57 96.96 228.23 160.00 160.00 
4.57 96.94 229.89 160.00 160.00 
4.57 96.93 231.58 160.00 160.00 
4.57 96.92 233.29 160.00 160.00 
4.58 96.90 235.03 160.00 160.00 
4.58 96.89 236.80 160.00 160.00 
4.58 96.88 238.59 160.00 160.00 
4.58 96.86 240.41 160.00 160.00 
4.58 96.85 242.26 160.00 160.00 
4.58 96.84 244.14 160.00 160.00 
4.58 96.82 246.05 160.00 160.00 
4.58 96.81 247.99 160.00 160.00 
4.58 96.80 249.96 160.00 160.00 
4.59 96.78 251.96 160.00 160.00 
4.59 96.77 253.99 160.00 160.00 
4.59 96.76 256.06 160.00 160.00 
4.59 96.75 258.16 160.00 160.00 
4.59 96.73 260.30 160.00 160.00 
4.59 96.72 262.47 160.00 160.00 
4.59 96.71 264.68 160.00 160.00 
4.59 96.70 266.93 160.00 160.00 
4.59 96.69 269.21 160.00 160.00 
4.59 96.67 271.54 160.00 160.00 
4.60 96.66 273.90 160.00 160.00 
4.60 96.65 276.31 160.00 160.00 
4.60 96.64 278.76 160.00 160.00 
4.60 96.63 281.26 160.00 160.00 
4.60 96.62 283.80 160.00 160.00 
4.60 96.60 286.39 160.00 160.00 
4.60 96.59 289.02 160.00 160.00 
4.60 96.58 291.71 160.00 160.00 
4.60 96.57 294.44 160.00 160.00 
4.60 96.56 297.23 160.00 160.00 
4.61 96.55 300.07 160.00 160.00 
4.61 96.54 302.97 160.00 160.00 
4.61 96.53 305.92 160.00 160.00 
4.61 96.52 308.93 160.00 160.00 
4.61 96.51 312.00 160.00 160.00 
4.61 96.50 315.14 160.00 160.00 
4.61 96.49 318.33 160.00 160.00 
4.61 96.48 321.60 160.00 160.00 
4.61 96.47 324.93 160.00 160.00 
4.61 96.46 328.33 160.00 160.00 
4.62 96.45 331.80 160.00 160.00 
4.62 96.44 335.35 160.00 160.00 
4.62 96.43 338.98 160.00 160.00 
4.62 96.42 342.68 160.00 160.00 
4.62 96.41 346.47 160.00 160.00 
4.62 96.40 350.34 160.00 160.00 
4.62 96.39 354.30 160.00 160.00 
4.62 96.39 358.36 160.00 160.00 
4.62 96.38 362.50 160.00 160.00 
4.63 96.37 366.74 160.00 160.00 
4.63 96.36 371.09 160.00 160.00 
4.63 96.35 375.54 160.00 160.00 
4.63 96.34 380.09 160.00 160.00 
4.63 96.33 384.76 160.00 160.00 
4.63 96.33 389.55 160.00 160.00 
4.63 96.32 394.45 160.00 160.00 
4.63 96.31 399.48 160.00 160.00 
4.63 96.30 404.65 160.00 160.00 
4.63 96.29 409.94 160.00 160.00 
4.64 96.29 415.38 160.00 160.00 
4.64 96.28 420.97 160.00 160.00 
4.64 96.27 426.71 160.00 160.00 
4.64 96.26 432.61 160.00 160.00 
4.64 96.26 438.67 160.00 160.00 
4.64 96.25 444.91 160.00 160.00 
4.64 96.24 451.32 160.00 160.00 
4.64 96.24 457.93 160.00 160.00 
4.64 96.23 464.73 160.00 160.00 
4.64 96.22 471.74 160.00 160.00 
4.65 96.21 478.96 160.00 160.00 
4.65 96.21 486.40 160.00 160.00 
4.65 96.20 494.09 160.00 160.00 
4.65 96.20 502.02 160.00 160.00 
4.65 96.19 510.21 160.00 160.00 
4.65 96.18 518.67 160.00 160.00 
4.65 96.18 527.42 160.00 160.00 
4.65 96.17 536.46 160.00 160.00 
4.65 96.17 545.83 160.00 160.00 
4.65 96.16 555.53 160.00 160.00 
4.66 96.15 565.58 160.00 160.00 
4.66 96.15 576.00 160.00 160.00 
4.66 96.14 586.81 160.00 160.00 
4.66 96.14 598.04 160.00 160.00 
4.66 96.13 609.70 160.00 160.00 
4.66 96.13 621.83 160.00 160.00 
4.66 96.12 634.45 160.00 160.00 
4.66 96.12 647.60 160.00 160.00 
4.66 96.11 661.31 160.00 160.00 
4.67 96.11 675.60 160.00 160.00 
4.67 96.10 690.53 160.00 160.00 
4.67 96.10 706.14 160.00 160.00 
4.67 96.09 722.47 160.00 160.00 
4.67 96.09 739.57 160.00 160.00 
4.67 96.09 757.50 160.00 160.00 
4.67 96.08 776.32 160.00 160.00 
4.67 96.08 796.11 160.00 160.00 
4.67 96.07 816.93 160.00 160.00 
4.67 96.07 838.87 160.00 160.00 
4.68 96.07 862.02 160.00 160.00 
4.68 96.06 886.48 160.00 160.00 
4.68 96.06 912.38 160.00 160.00 
4.68 96.06 939.83 160.00 160.00 
4.68 96.05 968.99 160.00 160.00 
4.68 96.05 1000.02 160.00 160.00 
4.68 96.05 1033.10 160.00 160.00 
4.68 96.04 1068.45 160.00 160.00 
4.68 96.04 1106.30 160.00 160.00 
4.68 96.04 1146.94 160.00 160.00 
4.69 96.03 1190.67 160.00 160.00 
4.69 96.03 1237.88 160.00 160.00 
4.69 96.03 1288.98 160.00 160.00 
4.69 96.03 1344.48 160.00 160.00 
4.69 96.02 1404.98 160.00 160.00 
4.69 96.02 1471.19 160.00 160.00 
4.69 96.02 1543.94 160.00 160.00 
4.69 96.02 1624.27 160.00 160.00 
4.69 96.02 1713.42 160.00 160.00 
4.69 96.01 1812.92 160.00 160.00 
4.70 96.01 1924.69 160.00 160.00 
4.70 96.01 2051.15 160.00 160.00 
4.70 96.01 2195.40 160.00 160.00 
4.70 96.01 2361.48 160.00 160.00 
4.70 96.01 2554.75 160.00 160.00 
4.70 96.01 2782.47 160.00 160.00 
4.70 96.01 3054.77 160.00 160.00 
4.70 96.00 3386.14 160.00 160.00 
4.70 96.00 3798.16 160.00 160.00 
4.70 96.00 4324.35 160.00 160.00 
4.71 96.00 5019.78 160.00 160.00 
4.71 96.00 5981.76 160.00 160.00 
4.71 96.00 7399.85 160.00 160.00 
4.71 96.00 9699.27 160.00 160.00 
4.71 96.00 14071.98 160.00 160.00 
4.71 96.00 25624.10 160.00 160.00 
4.71 96.00 143096.89 160.00 160.00 
4.71 96.00 39921.40 160.00 160.00 
4.71 96.00 17517.22 160.00 160.00 
4.72 96.00 11220.31 160.00 160.00 
4.72 96.00 8253.45 160.00 160.00 
4.72 96.00 6527.48 160.00 160.00 
4.72 96.00 5398.53 160.00 160.00 
4.72 96.00 4602.52 160.00 160.00 
4.72 96.00 4011.09 160.00 160.00 
4.72 96.00 3554.35 160.00 160.00 
4.72 96.00 3191.00 160.00 160.00 
4.72 96.01 2895.05 160.00 160.00 
4.72 96.01 2649.34 160.00 160.00 
4.73 96.01 2442.08 160.00 160.00 
4.73 96.01 2264.89 160.00 160.00 
4.73 96.01 2111.68 160.00 160.00 
4.73 96.01 1977.89 160.00 160.00 
4.73 96.01 1860.04 160.00 160.00 
4.73 96.02 1755.45 160.00 160.00 
4.73 96.02 1661.99 160.00 160.00 
4.73 96.02 1577.99 160.00 160.00 
4.73 96.02 1502.07 160.00 160.00 
4.73 96.02 1433.12 160.00 160.00 
4.74 96.03 1370.22 160.00 160.00 
4.74 96.03 1312.62 160.00 160.00 
4.74 96.03 1259.66 160.00 160.00 
4.74 96.03 1210.81 160.00 160.00 
4.74 96.04 1165.61 160.00 160.00 
4.74 96.04 1123.67 160.00 160.00 
4.74 96.04 1084.64 160.00 160.00 
4.74 96.04 1048.23 160.00 160.00 
4.74 96.05 1014.19 160.00 160.00 
4.74 96.05 982.29 160.00 160.00 
4.75 96.05 952.33 160.00 160.00 
4.75 96.06 924.15 160.00 160.00 
4.75 96.06 897.60 160.00 160.00 
4.75 96.06 872.52 160.00 160.00 
4.75 96.07 848.81 160.00 160.00 
4.75 96.07 826.35 160.00 160.00 
4.75 96.08 805.06 160.00 160.00 
4.75 96.08 784.83 160.00 160.00 
4.75 96.08 765.60 160.00 160.00 
4.76 96.09 747.29 160.00 160.00 
4.76 96.09 729.83 160.00 160.00 
4.76 96.10 713.17 160.00 160.00 
4.76 96.10 697.26 160.00 160.00 
4.76 96.11 682.04 160.00 160.00 
4.76 96.11 667.47 160.00 160.00 
4.76 96.12 653.51 160.00 160.00 
4.76 96.12 640.12 160.00 160.00 
4.76 96.13 627.28 160.00 160.00 
4.76 96.13 614.93 160.00 160.00 
4.77 96.14 603.07 160.00 160.00 
4.77 96.14 591.66 160.00 160.00 
4.77 96.15 580.66 160.00 160.00 
4.77 96.15 570.08 160.00 160.00 
4.77 96.16 559.87 160.00 160.00 
4.77 96.16 550.02 160.00 160.00 
4.77 96.17 540.51 160.00 160.00 
4.77 96.17 531.33 160.00 160.00 
4.77 96.18 522.45 160.00 160.00 
4.77 96.19 513.86 160.00 160.00 
4.78 96.19 505.56 160.00 160.00 
4.78 96.20 497.52 160.00 160.00 
4.78 96.21 489.73 160.00 160.00 
4.78 96.21 482.18 160.00 160.00 
4.78 96.22 474.86 160.00 160.00 
4.78 96.23 467.76 160.00 160.00 
4.78 96.23 460.87 160.00 160.00 
4.78 96.24 454.18 160.00 160.00 
4.78 96.25 447.68 160.00 160.00 
4.78 96.25 441.37 160.00 160.00 
4.79 96.26 435.23 160.00 160.00 
4.79 96.27 429.26 160.00 160.00 
4.79 96.28 423.45 160.00 160.00 
4.79 96.28 417.80 160.00 160.00 
4.79 96.29 412.30 160.00 160.00 
4.79 96.30 406.94 160.00 160.00 
4.79 96.31 401.72 160.00 160.00 
4.79 96.31 396.63 160.00 160.00 
4.79 96.32 391.67 160.00 160.00 
4.80 96.33 386.83 160.00 160.00 
4.80 96.34 382.11 160.00 160.00 
4.80 96.35 377.51 160.00 160.00 
4.80 96.36 373.01 160.00 160.00 
4.80 96.36 368.63 160.00 160.00 
4.80 96.37 364.34 160.00 160.00 
4.80 96.38 360.15 160.00 160.00 
4.80 96.39 356.06 160.00 160.00 
4.80 96.40 352.06 160.00 160.00 
4.80 96.41 348.15 160.00 160.00 
4.81 96.42 344.33 160.00 160.00 
4.81 96.43 340.59 160.00 160.00 
4.81 96.44 336.93 160.00 160.00 
4.81 96.45 333.34 160.00 160.00 
4.81 96.46 329.84 160.00 160.00 
4.81 96.46 326.40 160.00 160.00 
4.81 96.47 323.04 160.00 160.00 
4.81 96.48 319.75 160.00 160.00 
4.81 96.49 316.52 160.00 160.00 
4.81 96.50 313.36 160.00 160.00 
4.82 96.51 310.26 160.00 160.00 
4.82 96.53 307.23 160.00 160.00 
4.82 96.54 304.25 160.00 160.00 
4.82 96.55 301.33 160.00 160.00 
4.82 96.56 298.46 160.00 160.00 
4.82 96.57 295.65 160.00 160.00 
4.82 96.58 292.89 160.00 160.00 
4.82 96.59 290.19 160.00 160.00 
4.82 96.60 287.53 160.00 160.00 
4.82 96.61 284.92 160.00 160.00 
4.83 96.62 282.36 160.00 160.00 
4.83 96.63 279.85 160.00 160.00 
4.83 96.65 277.38 160.00 160.00 
4.83 96.66 274.95 160.00 160.00 
4.83 96.67 272.57 160.00 160.00 
4.83 96.68 270.22 160.00 160.00 
4.83 96.69 267.92 160.00 160.00 
4.83 96.70 265.66 160.00 160.00 
4.83 96.72 263.43 160.00 160.00 
4.84 96.73 261.24 160.00 160.00 
4.84 96.74 259.09 160.00 160.00 
4.84 96.75 256.97 160.00 160.00 
4.84 96.77 254.89 160.00 160.00 
4.84 96.78 252.84 160.00 160.00 
4.84 96.79 250.83 160.00 160.00 
4.84 96.80 248.84 160.00 160.00 
4.84 96.82 246.89 160.00 160.00 
4.84 96.83 244.97 160.00 160.00 
4.84 96.84 243.08 160.00 160.00 
4.85 96.86 241.22 160.00 160.00 
4.85 96.87 239.38 160.00 160.00 
4.85 96.88 237.58 160.00 160.00 
4.85 96.90 235.80 160.00 160.00 
4.85 96.91 234.05 160.00 160.00 
4.85 96.92 232.32 160.00 160.00 
4.85 96.94 230.62 160.00 160.00 
4.85 96.95 228.95 160.00 160.00 
4.85 96.97 227.30 160.00 160.00 
4.85 96.98 225.67 160.00 160.00 
4.86 96.99 224.07 160.00 160.00 
4.86 97.01 222.49 160.00 160.00 
4.86 97.02 220.93 160.00 160.00 
4.86 97.04 219.39 160.00 160.00 
4.86 97.05 217.88 160.00 160.00 
4.86 97.07 216.38 160.00 160.00 
4.86 97.08 214.91 160.00 160.00 
4.86 97.10 213.46 160.00 160.00 
4.86 97.11 212.02 160.00 160.00 
4.86 97.13 210.61 160.00 160.00 
4.87 97.14 209.21 160.00 160.00 
4.87 97.16 207.84 160.00 160.00 
4.87 97.17 206.48 160.00 160.00 
4.87 97.19 205.14 160.00 160.00 
4.87 97.21 203.82 160.00 160.00 
4.87 97.22 202.51 160.00 160.00 
4.87 97.24 201.22 160.00 160.00 
4.87 97.25 199.95 160.00 160.00 
4.87 97.27 198.69 160.00 160.00 
4.88 97.29 197.45 160.00 160.00 
4.88 97.30 196.23 160.00 160.00 
4.88 97.32 195.02 160.00 160.00 
4.88 97.34 193.82 160.00 160.00 
4.88 97.35 192.64 160.00 160.00 
4.88 97.37 191.48 160.00 160.00 
4.88 97.39 190.33 160.00 160.00 
4.88 97.40 189.19 160.00 160.00 
4.88 97.42 188.07 160.00 160.00 
4.88 97.44 186.96 160.00 160.00 
4.89 97.46 185.86 160.00 160.00 
4.89 97.47 184.78 160.00 160.00 
4.89 97.49 183.70 160.00 160.00 
4.89 97.51 182.65 160.00 160.00 
4.89 97.53 181.60 160.00 160.00 
4.89 97.54 180.57 160.00 160.00 
4.89 97.56 179.54 160.00 160.00 
4.89 97.58 178.53 160.00 160.00 
4.89 97.60 177.53 160.00 160.00 
4.89 97.62 176.55 160.00 160.00 
4.90 97.64 175.57 160.00 160.00 
4.90 97.65 174.61 160.00 160.00 
4.90 97.67 173.65 160.00 160.00 
4.90 97.69 172.71 160.00 160.00 
4.90 97.71 171.77 160.00 160.00 
4.90 97.73 170.85 160.00 160.00 
4.90 97.75 169.93 160.00 160.00 
4.90 97.77 169.03 160.00 160.00 
4.90 97.79 168.14 160.00 160.00 
4.90 97.81 167.25 160.00 160.00 
4.91 97.83 166.38 160.00 160.00 
4.91 97.85 165.51 160.00 160.00 
4.91 97.87 164.66 160.00 160.00 
4.91 97.89 163.81 160.00 160.00 
4.91 97.91 162.97 160.00 160.00 
4.91 97.93 162.14 160.00 160.00 
4.91 97.95 161.32 160.00 160.00 
4.91 97.97 160.51 160.00 160.00 
4.91 97.99 159.70 160.00 160.00 
4.92 98.01 158.90 160.00 160.00 
4.92 98.03 158.12 160.00 160.00 
4.92 98.05 157.34 160.00 160.00 
4.92 98.07 156.56 160.00 160.00 
4.92 98.09 155.80 160.00 160.00 
4.92 98.11 155.04 160.00 160.00 
4.92 98.13 154.29 160.00 160.00 
4.92 98.16 153.55 160.00 160.00 
4.92 98.18 152.81 160.00 160.00 
4.92 98.20 152.09 160.00 160.00 
4.93 98.22 151.36 160.00 160.00 
4.93 98.24 150.65 160.00 160.00 
4.93 98.26 149.94 160.00 160.00 
4.93 98.29 149.24 160.00 160.00 
4.93 98.31 148.55 160.00 160.00 
4.93 98.33 147.86 160.00 160.00 
4.93 98.35 147.18 160.00 160.00 
4.93 98.38 146.51 160.00 160.00 
4.93 98.40 145.84 160.00 160.00 
4.93 98.42 145.18 160.00 160.00 
4.94 98.44 144.52 160.00 160.00 
4.94 98.47 143.87 160.00 160.00 
4.94 98.49 143.23 160.00 160.00 
4.94 98.51 142.59 160.00 160.00 
4.94 98.54 141.96 160.00 160.00 
4.94 98.56 141.33 160.00 160.00 
4.94 98.58 140.71 160.00 160.00 
4.94 98.61 140.10 160.00 160.00 
4.94 98.63 139.49 160.00 160.00 
4.94 98.65 138.88 160.00 160.00 
4.95 98.68 138.29 160.00 160.00 
4.95 98.70 137.69 160.00 160.00 
4.95 98.73 137.10 160.00 160.00 
4.95 98.75 136.52 160.00 160.00 
4.95 98.78 135.94 160.00 160.00 
4.95 98.80 135.37 160.00 160.00 
4.95 98.82 134.80 160.00 160.00 
4.95 98.85 134.24 160.00 160.00 
4.95 98.87 133.68 160.00 160.00 
4.96 98.90 133.13 160.00 160.00 
4.96 98.92 132.58 160.00 160.00 
4.96 98.95 132.03 160.00 160.00 
4.96 98.98 131.49 160.00 160.00 
4.96 99.00 130.96 160.00 160.00 
4.96 99.03 130.43 160.00 160.00 
4.96 99.05 129.90 160.00 160.00 
4.96 99.08 129.38 160.00 160.00 
4.96 99.10 128.86 160.00 160.00 
4.96 99.13 128.35 160.00 160.00 
4.97 99.16 127.84 160.00 160.00 
4.97 99.18 127.34 160.00 160.00 
4.97 99.21 126.84 160.00 160.00 
4.97 99.24 126.34 160.00 160.00 
4.97 99.26 125.85 160.00 160.00 
4.97 99.29 125.36 160.00 160.00 
4.97 99.32 124.87 160.00 160.00 
4.97 99.34 124.39 160.00 160.00 
4.97 99.37 123.91 160.00 160.00 
4.97 99.40 123.44 160.00 160.00 
4.98 99.43 122.97 160.00 160.00 
4.98 99.45 122.51 160.00 160.00 
4.98 99.48 122.04 160.00 160.00 
4.98 99.51 121.58 160.00 160.00 
4.98 99.54 121.13 160.00 160.00 
4.98 99.56 120.68 160.00 160.00 
4.98 99.59 120.23 160.00 160.00 
4.98 99.62 119.79 160.00 160.00 
4.98 99.65 119.34 160.00 160.00 
4.98 99.68 118.91 160.00 160.00 
4.99 99.71 118.47 160.00 160.00 
4.99 99.73 118.04 160.00 160.00 
4.99 99.76 117.61 160.00 160.00 
4.99 99.79 117.19 160.00 160.00 
4.99 99.82 116.77 160.00 160.00 
4.99 99.85 116.35 160.00 160.00 
4.99 99.88 115.93 160.00 160.00 
4.99 99.91 115.52 160.00 160.00 
4.99 99.94 115.11 160.00 160.00 
5.00 99.97 114.70 160.00 160.00 
5.00 100.00 114.30 160.00 160.00 
5.00 100.03 113.90 160.00 160.00 
5.00 100.06 113.50 160.00 160.00 
5.00 100.09 113.11 160.00 160.00 
5.00 100.12 112.72 160.00 160.00 
5.00 100.15 112.33 160.00 160.00 
5.00 100.18 111.94 160.00 160.00 
5.00 100.21 111.56 160.00 160.00 
5.00 100.24 111.18 160.00 160.00 
5.01 100.27 110.80 160.00 160.00 
5.01 100.30 110.42 160.00 160.00 
5.01 100.34 110.05 160.00 160.00 
5.01 100.37 109.68 160.00 160.00 
5.01 100.40 109.31 160.00 160.00 
5.01 100.43 108.95 160.00 160.00 
5.01 100.46 108.59 160.00 160.00 
5.01 100.49 108.23 160.00 160.00 
5.01 100.53 107.87 160.00 160.00 
5.01 100.56 107.52 160.00 160.00 
5.02 100.59 107.16 160.00 160.00 
5.02 100.62 106.81 160.00 160.00 
5.02 100.65 106.47 160.00 160.00 
5.02 100.69 106.12 160.00 160.00 
5.02 100.72 105.78 160.00 160.00 
5.02 100.75 105.44 160.00 160.00 
5.02 100.79 105.10 160.00 160.00 
5.02 100.82 104.76 160.00 160.00 
5.02 100.85 104.43 160.00 160.00 
5.02 100.88 104.10 160.00 160.00 
5.03 100.92 103.77 160.00 160.00 
5.03 100.95 103.44 160.00 160.00 
5.03 100.99 103.12 160.00 160.00 
5.03 101.02 102.79 160.00 160.00 
5.03 101.05 102.47 160.00 160.00 
5.03 101.09 102.15 160.00 160.00 
5.03 101.12 101.84 160.00 160.00 
5.03 101.16 101.52 160.00 160.00 
5.03 101.19 101.21 160.00 160.00 
5.04 101.23 302.70 160.00 160.00 
5.04 101.26 301.78 160.00 160.00 
5.04 101.30 300.86 160.00 160.00 
5.04 101.33 299.95 160.00 160.00 
5.04 101.37 299.04 160.00 160.00 
5.04 101.40 298.14 160.00 160.00 
5.04 101.44 297.24 160.00 160.00 
5.04 101.47 296.35 160.00 160.00 
5.04 101.51 295.47 160.00 160.00 
5.04 101.54 294.59 160.00 160.00 
5.05 101.58 293.71 160.00 160.00 
5.05 101.62 292.85 160.00 160.00 
5.05 101.65 291.98 160.00 160.00 
5.05 101.69 291.13 160.00 160.00 
5.05 101.72 290.28 160.00 160.00 
5.05 101.76 289.43 160.00 160.00 
5.05 101.80 288.59 160.00 160.00 
5.05 101.83 287.75 160.00 160.00 
5.05 101.87 286.92 160.00 160.00 
5.05 101.91 286.09 160.00 160.00 
5.06 101.95 285.27 160.00 160.00 
5.06 101.98 284.46 160.00 160.00 
5.06 102.02 283.65 160.00 160.00 
5.06 102.06 282.84 160.00 160.00 
5.06 102.10 282.04 160.00 160.00 
5.06 102.13 281.24 160.00 160.00 
5.06 102.17 280.45 160.00 160.00 
5.06 102.21 279.66 160.00 160.00 
5.06 102.25 278.88 160.00 160.00 
5.06 102.29 278.10 160.00 160.00 
5.07 102.33 277.33 160.00 160.00 
5.07 102.36 276.56 160.00 160.00 
5.07 102.40 275.80 160.00 160.00 
5.07 102.44 275.04 160.00 160.00 
5.07 102.48 274.29 160.00 160.00 
5.07 102.52 273.54 160.00 160.00 
5.07 102.56 272.79 160.00 160.00 
5.07 102.60 272.05 160.00 160.00 
5.07 102.64 271.31 160.00 160.00 
5.08 102.68 270.58 160.00 160.00 
5.08 102.72 269.85 160.00 160.00 
5.08 102.76 269.12 160.00 160.00 
5.08 102.80 268.40 160.00 160.00 
5.08 102.84 267.69 160.00 160.00 
5.08 102.88 266.97 160.00 160.00 
5.08 102.92 266.27 160.00 160.00 
5.08 102.96 265.56 160.00 160.00 
5.08 103.00 264.86 160.00 160.00 
5.08 103.05 264.17 160.00 160.00 
5.09 103.09 263.47 160.00 160.00 
5.09 103.13 262.78 160.00 160.00 
5.09 103.17 262.10 160.00 160.00 
5.09 103.21 261.42 160.00 160.00 
5.09 103.25 260.74 160.00 160.00 
5.09 103.30 260.07 160.00 160.00 
5.09 103.34 259.40 160.00 160.00 
5.09 103.38 258.73 160.00 160.00 
5.09 103.42 258.07 160.00 160.00 
5.09 103.46 257.41 160.00 160.00 
5.10 103.51 256.76 160.00 160.00 
5.10 103.55 256.11 160.00 160.00 
5.10 103.59 255.46 160.00 160.00 
5.10 103.64 254.82 160.00 160.00 
5.10 103.68 254.18 160.00 160.00 
5.10 103.72 253.54 160.00 160.00 
5.10 103.77 252.90 160.00 160.00 
5.10 103.81 252.27 160.00 160.00 
5.10 103.85 251.65 160.00 160.00 
5.10 103.90 251.02 160.00 160.00 
5.11 103.94 250.40 160.00 160.00 
5.11 103.99 249.79 160.00 160.00 
5.11 104.03 249.17 160.00 160.00 
5.11 104.08 248.56 160.00 160.00 
5.11 104.12 247.96 160.00 160.00 
5.11 104.17 247.35 160.00 160.00 
5.11 104.21 246.75 160.00 160.00 
5.11 104.26 246.16 160.00 160.00 
5.11 104.30 245.56 160.00 160.00 
5.12 104.35 244.97 160.00 160.00 
5.12 104.39 244.38 160.00 160.00 
5.12 104.44 243.80 160.00 160.00 
5.12 104.48 243.21 160.00 160.00 
5.12 104.53 242.64 160.00 160.00 
5.12 104.58 242.06 160.00 160.00 
5.12 104.62 241.49 160.00 160.00 
5.12 104.67 240.92 160.00 160.00 
5.12 104.72 240.35 160.00 160.00 
5.12 104.76 239.79 160.00 160.00 
5.13 104.81 239.22 160.00 160.00 
5.13 104.86 238.67 160.00 160.00 
5.13 104.90 238.11 160.00 160.00 
5.13 104.95 237.56 160.00 160.00 
5.13 105.00 237.01 160.00 160.00 
5.13 105.05 236.46 160.00 160.00 
5.13 105.09 235.92 160.00 160.00 
5.13 105.14 235.38 160.00 160.00 
5.13 105.19 234.84 160.00 160.00 
5.13 105.24 234.30 160.00 160.00 
5.14 105.29 233.77 160.00 160.00 
5.14 105.34 233.24 160.00 160.00 
5.14 105.39 232.71 160.00 160.00 
5.14 105.43 232.18 160.00 160.00 
5.14 105.48 231.66 160.00 160.00 
5.14 105.53 231.14 160.00 160.00 
5.14 105.58 230.62 160.00 160.00 
5.14 105.63 230.11 160.00 160.00 
5.14 105.68 229.59 160.00 160.00 
5.14 105.73 229.08 160.00 160.00 
5.15 105.78 228.58 160.00 160.00 
5.15 105.83 228.07 160.00 160.00 
5.15 105.88 227.57 160.00 160.00 
5.15 105.93 227.07 160.00 160.00 
5.15 105.98 226.57 160.00 160.00 
5.15 106.03 226.07 160.00 160.00 
5.15 106.09 225.58 160.00 160.00 
5.15 106.14 225.09 160.00 160.00 
5.15 106.19 224.60 160.00 160.00 
5.16 106.24 224.12 160.00 160.00 
5.16 106.29 223.63 160.00 160.00 
5.16 106.34 223.15 160.00 160.00 
5.16 106.40 222.67 160.00 160.00 
5.16 106.45 222.20 160.00 160.00 
5.16 106.50 221.72 160.00 160.00 
5.16 106.55 221.25 160.00 160.00 
5.16 106.61 220.78 160.00 160.00 
5.16 106.66 220.31 160.00 160.00 
5.16 106.71 219.85 160.00 160.00 
5.17 106.76 219.38 160.00 160.00 
5.17 106.82 218.92 160.00 160.00 
5.17 106.87 218.46 160.00 160.00 
5.17 106.93 218.01 160.00 160.00 
5.17 106.98 217.55 160.00 160.00 
5.17 107.03 217.10 160.00 160.00 
5.17 107.09 216.65 160.00 160.00 
5.17 107.14 216.20 160.00 160.00 
5.17 107.20 215.76 160.00 160.00 
5.17 107.25 215.31 160.00 160.00 
5.18 107.31 214.87 160.00 160.00 
5.18 107.36 214.43 160.00 160.00 
5.18 107.42 213.99 160.00 160.00 
5.18 107.47 213.56 160.00 160.00 
5.18 107.53 213.12 160.00 160.00 
5.18 107.58 212.69 160.00 160.00 
5.18 107.64 212.26 160.00 160.00 
5.18 107.69 211.83 160.00 160.00 
5.18 107.75 211.40 160.00 160.00 
5.18 107.81 210.98 160.00 160.00 
5.19 107.86 210.56 160.00 160.00 
5.19 107.92 210.14 160.00 160.00 
5.19 107.98 209.72 160.00 160.00 
5.19 108.03 209.30 160.00 160.00 
5.19 108.09 208.89 160.00 160.00 
5.19 108.15 208.47 160.00 160.00 
5.19 108.21 208.06 160.00 160.00 
5.19 108.26 207.65 160.00 160.00 
5.19 108.32 207.25 160.00 160.00 
5.20 108.38 206.84 160.00 160.00 
5.20 108.44 206.44 160.00 160.00 
5.20 108.50 206.04 160.00 160.00 
5.20 108.56 205.64 160.00 160.00 
5.20 108.61 205.24 160.00 160.00 
5.20 108.67 204.84 160.00 160.00 
5.20 108.73 204.45 160.00 160.00 
5.20 108.79 204.05 160.00 160.00 
5.20 108.85 203.66 160.00 160.00 
5.20 108.91 203.27 160.00 160.00 
5.21 108.97 202.88 160.00 160.00 
5.21 109.03 202.50 160.00 160.00 
5.21 109.09 202.11 160.00 160.00 
5.21 109.15 201.73 160.00 160.00 
5.21 109.21 201.35 160.00 160.00 
5.21 109.27 200.97 160.00 160.00 
5.21 109.33 200.59 160.00 160.00 
5.21 109.40 200.21 160.00 160.00 
5.21 109.46 199.84 160.00 160.00 
5.21 109.52 199.46 160.00 160.00 
5.22 109.58 199.09 160.00 160.00 
5.22 109.64 198.72 160.00 160.00 
5.22 109.70 198.35 160.00 160.00 
5.22 109.77 197.99 160.00 160.00 
5.22 109.83 197.62 160.00 160.00 
5.22 109.89 197.26 160.00 160.00 
5.22 109.95 196.90 160.00 160.00 
5.22 110.02 196.54 160.00 160.00 
5.22 110.08 196.18 160.00 160.00 
5.22 110.14 195.82 160.00 160.00 
5.23 110.21 195.46 160.00 160.00 
5.23 110.27 195.11 160.00 160.00 
5.23 110.34 194.75 160.00 160.00 
5.23 110.40 194.40 160.00 160.00 
5.23 110.46 194.05 160.00 160.00 
5.23 110.53 193.70 160.00 160.00 
5.23 110.59 193.36 160.00 160.00 
5.23 110.66 193.01 160.00 160.00 
5.23 110.72 192.67 160.00 160.00 
5.24 110.79 192.32 160.00 160.00 
5.24 110.85 191.98 160.00 160.00 
5.24 110.92 191.64 160.00 160.00 
5.24 110.99 191.30 160.00 160.00 
5.24 111.05 190.97 160.00 160.00 
5.24 111.12 190.63 160.00 160.00 
5.24 111.19 190.29 160.00 160.00 
