DEBUG: Parsing color string: 'F 220,100,0
'
DEBUG: After trimming: '220,100,0'
DEBUG: Successfully parsed color
DEBUG: Parsing color string: 'C 225,30,0
'
DEBUG: After trimming: '225,30,0'
DEBUG: Successfully parsed color
[0;32m1[0m[0;32m1[0m[0;32m1[0m[0;32m1[0m[0;32m1[0m
[0;32m1[0m[0;32m0[0m[0;32m0[0m[0;32m0[0m[0;32m1[0m
[0;32m1[0m[0;32m0[0m[0;32mN[0m[0;32m0[0m[0;32m1[0m
[0;32m1[0m[0;32m0[0m[0;32m0[0m[0;32m0[0m[0;32m1[0m
[0;32m1[0m[0;32m1[0m[0;32m1[0m[0;32m1[0m[0;32m1[0m

Texture Pointers:
West: 0x7fd766004130
East: 0x7fd76450e420
North: 0x7fd765404150
South: 0x7fd7660041a0

Image Pointers:
West: 0x0
East: 0x0
North: 0x0
South: 0x0

Colors:
Ceiling: 0x8X
Floor: 0x8X

Flags:
Ceiling set: 1
Floor set: 1
[0;32m------------------------------------
MAP VALID >>> START GAME
------------------------------------

[0m4.70 0.00 0.00 160.00 160.00
4.70 96.01 2334.54 160.00 160.00
4.70 96.01 2339.10 160.00 160.00
4.70 96.01 2343.67 160.00 160.00
4.70 96.01 2348.26 160.00 160.00
4.70 96.01 2352.87 160.00 160.00
4.70 96.01 2357.50 160.00 160.00
4.70 96.01 2362.15 160.00 160.00
4.70 96.01 2366.81 160.00 160.00
4.70 96.01 2371.50 160.00 160.00
4.70 96.01 2376.20 160.00 160.00
4.70 96.01 2380.92 160.00 160.00
4.70 96.01 2385.66 160.00 160.00
4.70 96.01 2390.42 160.00 160.00
4.70 96.01 2395.19 160.00 160.00
4.70 96.01 2399.99 160.00 160.00
4.70 96.01 2404.81 160.00 160.00
4.70 96.01 2409.64 160.00 160.00
4.70 96.01 2414.50 160.00 160.00
4.70 96.01 2419.37 160.00 160.00
4.70 96.01 2424.26 160.00 160.00
4.70 96.01 2429.18 160.00 160.00
4.70 96.01 2434.11 160.00 160.00
4.70 96.01 2439.06 160.00 160.00
4.70 96.01 2444.04 160.00 160.00
4.70 96.01 2449.03 160.00 160.00
4.70 96.01 2454.05 160.00 160.00
4.70 96.01 2459.08 160.00 160.00
4.70 96.01 2464.14 160.00 160.00
4.70 96.01 2469.22 160.00 160.00
4.70 96.01 2474.31 160.00 160.00
4.70 96.01 2479.43 160.00 160.00
4.70 96.01 2484.57 160.00 160.00
4.70 96.01 2489.73 160.00 160.00
4.70 96.01 2494.92 160.00 160.00
4.70 96.01 2500.12 160.00 160.00
4.70 96.01 2505.35 160.00 160.00
4.70 96.01 2510.60 160.00 160.00
4.70 96.01 2515.87 160.00 160.00
4.70 96.01 2521.16 160.00 160.00
4.70 96.01 2526.47 160.00 160.00
4.70 96.01 2531.81 160.00 160.00
4.70 96.01 2537.17 160.00 160.00
4.70 96.01 2542.55 160.00 160.00
4.70 96.01 2547.96 160.00 160.00
4.70 96.01 2553.39 160.00 160.00
4.70 96.01 2558.84 160.00 160.00
4.70 96.01 2564.31 160.00 160.00
4.70 96.01 2569.81 160.00 160.00
4.70 96.01 2575.33 160.00 160.00
4.70 96.01 2580.88 160.00 160.00
4.70 96.01 2586.45 160.00 160.00
4.70 96.01 2592.04 160.00 160.00
4.70 96.01 2597.66 160.00 160.00
4.70 96.01 2603.31 160.00 160.00
4.70 96.01 2608.97 160.00 160.00
4.70 96.01 2614.66 160.00 160.00
4.70 96.01 2620.38 160.00 160.00
4.70 96.01 2626.12 160.00 160.00
4.70 96.01 2631.89 160.00 160.00
4.70 96.01 2637.68 160.00 160.00
4.70 96.01 2643.50 160.00 160.00
4.70 96.01 2649.35 160.00 160.00
4.70 96.01 2655.21 160.00 160.00
4.70 96.01 2661.11 160.00 160.00
4.70 96.01 2667.03 160.00 160.00
4.70 96.01 2672.98 160.00 160.00
4.70 96.01 2678.96 160.00 160.00
4.70 96.01 2684.96 160.00 160.00
4.70 96.01 2690.99 160.00 160.00
4.70 96.01 2697.04 160.00 160.00
4.70 96.01 2703.13 160.00 160.00
4.70 96.01 2709.24 160.00 160.00
4.70 96.01 2715.37 160.00 160.00
4.70 96.01 2721.54 160.00 160.00
4.70 96.01 2727.74 160.00 160.00
4.70 96.01 2733.96 160.00 160.00
4.70 96.01 2740.21 160.00 160.00
4.70 96.01 2746.49 160.00 160.00
4.70 96.01 2752.80 160.00 160.00
4.70 96.01 2759.13 160.00 160.00
4.70 96.01 2765.50 160.00 160.00
4.70 96.01 2771.90 160.00 160.00
4.70 96.01 2778.32 160.00 160.00
4.70 96.01 2784.78 160.00 160.00
4.70 96.01 2791.27 160.00 160.00
4.70 96.01 2797.78 160.00 160.00
4.70 96.01 2804.33 160.00 160.00
4.70 96.01 2810.91 160.00 160.00
4.70 96.01 2817.51 160.00 160.00
4.70 96.01 2824.15 160.00 160.00
4.70 96.01 2830.82 160.00 160.00
4.70 96.01 2837.53 160.00 160.00
4.70 96.01 2844.26 160.00 160.00
4.70 96.01 2851.03 160.00 160.00
4.70 96.01 2857.83 160.00 160.00
4.70 96.01 2864.66 160.00 160.00
4.70 96.01 2871.52 160.00 160.00
4.70 96.01 2878.42 160.00 160.00
4.70 96.01 2885.35 160.00 160.00
4.70 96.01 2892.31 160.00 160.00
4.70 96.01 2899.31 160.00 160.00
4.70 96.01 2906.34 160.00 160.00
4.70 96.01 2913.41 160.00 160.00
4.70 96.01 2920.50 160.00 160.00
4.70 96.01 2927.64 160.00 160.00
4.70 96.01 2934.81 160.00 160.00
4.70 96.01 2942.01 160.00 160.00
4.70 96.01 2949.25 160.00 160.00
4.70 96.01 2956.53 160.00 160.00
4.70 96.01 2963.84 160.00 160.00
4.70 96.01 2971.19 160.00 160.00
4.70 96.01 2978.57 160.00 160.00
4.70 96.01 2985.99 160.00 160.00
4.70 96.01 2993.45 160.00 160.00
4.70 96.01 3000.95 160.00 160.00
4.70 96.01 3008.48 160.00 160.00
4.70 96.01 3016.05 160.00 160.00
4.70 96.01 3023.66 160.00 160.00
4.70 96.01 3031.31 160.00 160.00
4.70 96.01 3039.00 160.00 160.00
4.70 96.01 3046.72 160.00 160.00
4.70 96.01 3054.49 160.00 160.00
4.70 96.01 3062.29 160.00 160.00
4.70 96.01 3070.14 160.00 160.00
4.70 96.01 3078.02 160.00 160.00
4.70 96.01 3085.95 160.00 160.00
4.70 96.01 3093.92 160.00 160.00
4.70 96.01 3101.92 160.00 160.00
4.70 96.01 3109.97 160.00 160.00
4.70 96.01 3118.07 160.00 160.00
4.70 96.01 3126.20 160.00 160.00
4.70 96.01 3134.38 160.00 160.00
4.70 96.00 3142.59 160.00 160.00
4.70 96.00 3150.86 160.00 160.00
4.70 96.00 3159.16 160.00 160.00
4.70 96.00 3167.51 160.00 160.00
4.70 96.00 3175.91 160.00 160.00
4.70 96.00 3184.35 160.00 160.00
4.70 96.00 3192.83 160.00 160.00
4.70 96.00 3201.36 160.00 160.00
4.70 96.00 3209.93 160.00 160.00
4.70 96.00 3218.55 160.00 160.00
4.70 96.00 3227.22 160.00 160.00
4.70 96.00 3235.93 160.00 160.00
4.70 96.00 3244.70 160.00 160.00
4.70 96.00 3253.50 160.00 160.00
4.70 96.00 3262.36 160.00 160.00
4.70 96.00 3271.27 160.00 160.00
4.70 96.00 3280.22 160.00 160.00
4.70 96.00 3289.22 160.00 160.00
4.70 96.00 3298.27 160.00 160.00
4.70 96.00 3307.38 160.00 160.00
4.70 96.00 3316.53 160.00 160.00
4.70 96.00 3325.73 160.00 160.00
4.70 96.00 3334.99 160.00 160.00
4.70 96.00 3344.30 160.00 160.00
4.70 96.00 3353.65 160.00 160.00
4.70 96.00 3363.06 160.00 160.00
4.70 96.00 3372.53 160.00 160.00
4.70 96.00 3382.05 160.00 160.00
4.70 96.00 3391.62 160.00 160.00
4.70 96.00 3401.24 160.00 160.00
4.70 96.00 3410.92 160.00 160.00
4.70 96.00 3420.66 160.00 160.00
4.70 96.00 3430.45 160.00 160.00
4.70 96.00 3440.30 160.00 160.00
4.70 96.00 3450.20 160.00 160.00
4.70 96.00 3460.17 160.00 160.00
4.70 96.00 3470.18 160.00 160.00
4.70 96.00 3480.26 160.00 160.00
4.70 96.00 3490.40 160.00 160.00
4.70 96.00 3500.59 160.00 160.00
4.70 96.00 3510.85 160.00 160.00
4.70 96.00 3521.16 160.00 160.00
4.70 96.00 3531.54 160.00 160.00
4.70 96.00 3541.98 160.00 160.00
4.70 96.00 3552.48 160.00 160.00
4.70 96.00 3563.04 160.00 160.00
4.70 96.00 3573.66 160.00 160.00
4.70 96.00 3584.35 160.00 160.00
4.70 96.00 3595.11 160.00 160.00
4.70 96.00 3605.92 160.00 160.00
4.70 96.00 3616.81 160.00 160.00
4.70 96.00 3627.75 160.00 160.00
4.70 96.00 3638.77 160.00 160.00
4.70 96.00 3649.85 160.00 160.00
4.70 96.00 3661.00 160.00 160.00
4.70 96.00 3672.22 160.00 160.00
4.70 96.00 3683.51 160.00 160.00
4.70 96.00 3694.86 160.00 160.00
4.70 96.00 3706.29 160.00 160.00
4.70 96.00 3717.79 160.00 160.00
4.70 96.00 3729.36 160.00 160.00
4.70 96.00 3741.00 160.00 160.00
4.70 96.00 3752.71 160.00 160.00
4.70 96.00 3764.50 160.00 160.00
4.70 96.00 3776.36 160.00 160.00
4.70 96.00 3788.30 160.00 160.00
4.70 96.00 3800.31 160.00 160.00
4.70 96.00 3812.40 160.00 160.00
4.70 96.00 3824.57 160.00 160.00
4.70 96.00 3836.82 160.00 160.00
4.70 96.00 3849.14 160.00 160.00
4.70 96.00 3861.54 160.00 160.00
4.70 96.00 3874.02 160.00 160.00
4.70 96.00 3886.59 160.00 160.00
4.70 96.00 3899.23 160.00 160.00
4.70 96.00 3911.96 160.00 160.00
4.70 96.00 3924.77 160.00 160.00
4.70 96.00 3937.67 160.00 160.00
4.70 96.00 3950.65 160.00 160.00
4.70 96.00 3963.72 160.00 160.00
4.70 96.00 3976.87 160.00 160.00
4.70 96.00 3990.11 160.00 160.00
4.70 96.00 4003.44 160.00 160.00
4.70 96.00 4016.86 160.00 160.00
4.70 96.00 4030.37 160.00 160.00
4.70 96.00 4043.97 160.00 160.00
4.70 96.00 4057.66 160.00 160.00
4.70 96.00 4071.45 160.00 160.00
4.70 96.00 4085.33 160.00 160.00
4.70 96.00 4099.30 160.00 160.00
4.70 96.00 4113.37 160.00 160.00
4.70 96.00 4127.54 160.00 160.00
4.70 96.00 4141.80 160.00 160.00
4.70 96.00 4156.17 160.00 160.00
4.70 96.00 4170.63 160.00 160.00
4.70 96.00 4185.20 160.00 160.00
4.70 96.00 4199.86 160.00 160.00
4.70 96.00 4214.63 160.00 160.00
4.70 96.00 4229.51 160.00 160.00
4.70 96.00 4244.49 160.00 160.00
4.70 96.00 4259.57 160.00 160.00
4.70 96.00 4274.77 160.00 160.00
4.70 96.00 4290.07 160.00 160.00
4.70 96.00 4305.48 160.00 160.00
4.71 96.00 4321.01 160.00 160.00
4.71 96.00 4336.65 160.00 160.00
4.71 96.00 4352.40 160.00 160.00
4.71 96.00 4368.26 160.00 160.00
4.71 96.00 4384.24 160.00 160.00
4.71 96.00 4400.34 160.00 160.00
4.71 96.00 4416.56 160.00 160.00
4.71 96.00 4432.89 160.00 160.00
4.71 96.00 4449.35 160.00 160.00
4.71 96.00 4465.93 160.00 160.00
4.71 96.00 4482.64 160.00 160.00
4.71 96.00 4499.47 160.00 160.00
4.71 96.00 4516.42 160.00 160.00
4.71 96.00 4533.51 160.00 160.00
4.71 96.00 4550.72 160.00 160.00
4.71 96.00 4568.07 160.00 160.00
4.71 96.00 4585.55 160.00 160.00
4.71 96.00 4603.16 160.00 160.00
4.71 96.00 4620.91 160.00 160.00
4.71 96.00 4638.80 160.00 160.00
4.71 96.00 4656.83 160.00 160.00
4.71 96.00 4674.99 160.00 160.00
4.71 96.00 4693.30 160.00 160.00
4.71 96.00 4711.75 160.00 160.00
4.71 96.00 4730.35 160.00 160.00
4.71 96.00 4749.10 160.00 160.00
4.71 96.00 4767.99 160.00 160.00
4.71 96.00 4787.04 160.00 160.00
4.71 96.00 4806.24 160.00 160.00
4.71 96.00 4825.59 160.00 160.00
4.71 96.00 4845.10 160.00 160.00
4.71 96.00 4864.77 160.00 160.00
4.71 96.00 4884.60 160.00 160.00
4.71 96.00 4904.59 160.00 160.00
4.71 96.00 4924.74 160.00 160.00
4.71 96.00 4945.06 160.00 160.00
4.71 96.00 4965.55 160.00 160.00
4.71 96.00 4986.21 160.00 160.00
4.71 96.00 5007.05 160.00 160.00
4.71 96.00 5028.05 160.00 160.00
4.71 96.00 5049.24 160.00 160.00
4.71 96.00 5070.60 160.00 160.00
4.71 96.00 5092.15 160.00 160.00
4.71 96.00 5113.88 160.00 160.00
4.71 96.00 5135.79 160.00 160.00
4.71 96.00 5157.90 160.00 160.00
4.71 96.00 5180.19 160.00 160.00
4.71 96.00 5202.68 160.00 160.00
4.71 96.00 5225.37 160.00 160.00
4.71 96.00 5248.25 160.00 160.00
4.71 96.00 5271.34 160.00 160.00
4.71 96.00 5294.63 160.00 160.00
4.71 96.00 5318.12 160.00 160.00
4.71 96.00 5341.83 160.00 160.00
4.71 96.00 5365.75 160.00 160.00
4.71 96.00 5389.88 160.00 160.00
4.71 96.00 5414.23 160.00 160.00
4.71 96.00 5438.80 160.00 160.00
4.71 96.00 5463.60 160.00 160.00
4.71 96.00 5488.62 160.00 160.00
4.71 96.00 5513.88 160.00 160.00
4.71 96.00 5539.36 160.00 160.00
4.71 96.00 5565.09 160.00 160.00
4.71 96.00 5591.05 160.00 160.00
4.71 96.00 5617.26 160.00 160.00
4.71 96.00 5643.71 160.00 160.00
4.71 96.00 5670.42 160.00 160.00
4.71 96.00 5697.37 160.00 160.00
4.71 96.00 5724.59 160.00 160.00
4.71 96.00 5752.07 160.00 160.00
4.71 96.00 5779.81 160.00 160.00
4.71 96.00 5807.82 160.00 160.00
4.71 96.00 5836.10 160.00 160.00
4.71 96.00 5864.66 160.00 160.00
4.71 96.00 5893.50 160.00 160.00
4.71 96.00 5922.63 160.00 160.00
4.71 96.00 5952.05 160.00 160.00
4.71 96.00 5981.76 160.00 160.00
4.71 96.00 6011.76 160.00 160.00
4.71 96.00 6042.08 160.00 160.00
4.71 96.00 6072.69 160.00 160.00
4.71 96.00 6103.62 160.00 160.00
4.71 96.00 6134.87 160.00 160.00
4.71 96.00 6166.44 160.00 160.00
4.71 96.00 6198.33 160.00 160.00
4.71 96.00 6230.56 160.00 160.00
4.71 96.00 6263.12 160.00 160.00
4.71 96.00 6296.02 160.00 160.00
4.71 96.00 6329.28 160.00 160.00
4.71 96.00 6362.88 160.00 160.00
4.71 96.00 6396.85 160.00 160.00
4.71 96.00 6431.17 160.00 160.00
4.71 96.00 6465.87 160.00 160.00
4.71 96.00 6500.95 160.00 160.00
4.71 96.00 6536.41 160.00 160.00
4.71 96.00 6572.25 160.00 160.00
4.71 96.00 6608.50 160.00 160.00
4.71 96.00 6645.14 160.00 160.00
4.71 96.00 6682.20 160.00 160.00
4.71 96.00 6719.66 160.00 160.00
4.71 96.00 6757.56 160.00 160.00
4.71 96.00 6795.88 160.00 160.00
4.71 96.00 6834.63 160.00 160.00
4.71 96.00 6873.84 160.00 160.00
4.71 96.00 6913.49 160.00 160.00
4.71 96.00 6953.61 160.00 160.00
4.71 96.00 6994.19 160.00 160.00
4.71 96.00 7035.25 160.00 160.00
4.71 96.00 7076.80 160.00 160.00
4.71 96.00 7118.84 160.00 160.00
4.71 96.00 7161.38 160.00 160.00
4.71 96.00 7204.43 160.00 160.00
4.71 96.00 7248.00 160.00 160.00
4.71 96.00 7292.11 160.00 160.00
4.71 96.00 7336.75 160.00 160.00
4.71 96.00 7381.94 160.00 160.00
4.71 96.00 7427.70 160.00 160.00
4.71 96.00 7474.02 160.00 160.00
4.71 96.00 7520.93 160.00 160.00
4.71 96.00 7568.43 160.00 160.00
4.71 96.00 7616.53 160.00 160.00
4.71 96.00 7665.25 160.00 160.00
4.71 96.00 7714.59 160.00 160.00
4.71 96.00 7764.58 160.00 160.00
4.71 96.00 7815.21 160.00 160.00
4.71 96.00 7866.52 160.00 160.00
4.71 96.00 7918.49 160.00 160.00
4.71 96.00 7971.17 160.00 160.00
4.71 96.00 8024.54 160.00 160.00
4.71 96.00 8078.64 160.00 160.00
4.71 96.00 8133.47 160.00 160.00
4.71 96.00 8189.05 160.00 160.00
4.71 96.00 8245.39 160.00 160.00
4.71 96.00 8302.52 160.00 160.00
4.71 96.00 8360.44 160.00 160.00
4.71 96.00 8419.17 160.00 160.00
4.71 96.00 8478.74 160.00 160.00
4.71 96.00 8539.16 160.00 160.00
4.71 96.00 8600.44 160.00 160.00
4.71 96.00 8662.61 160.00 160.00
4.71 96.00 8725.68 160.00 160.00
4.71 96.00 8789.68 160.00 160.00
4.71 96.00 8854.63 160.00 160.00
4.71 96.00 8920.54 160.00 160.00
4.71 96.00 8987.44 160.00 160.00
4.71 96.00 9055.35 160.00 160.00
4.71 96.00 9124.30 160.00 160.00
4.71 96.00 9194.30 160.00 160.00
4.71 96.00 9265.39 160.00 160.00
4.71 96.00 9337.59 160.00 160.00
4.71 96.00 9410.91 160.00 160.00
4.71 96.00 9485.40 160.00 160.00
4.71 96.00 9561.08 160.00 160.00
4.71 96.00 9637.98 160.00 160.00
4.71 96.00 9716.12 160.00 160.00
4.71 96.00 9795.54 160.00 160.00
4.71 96.00 9876.27 160.00 160.00
4.71 96.00 9958.34 160.00 160.00
4.71 96.00 10041.78 160.00 160.00
4.71 96.00 10126.64 160.00 160.00
4.71 96.00 10212.94 160.00 160.00
4.71 96.00 10300.73 160.00 160.00
4.71 96.00 10390.03 160.00 160.00
4.71 96.00 10480.90 160.00 160.00
4.71 96.00 10573.38 160.00 160.00
4.71 96.00 10667.50 160.00 160.00
4.71 96.00 10763.31 160.00 160.00
4.71 96.00 10860.86 160.00 160.00
4.71 96.00 10960.19 160.00 160.00
4.71 96.00 11061.35 160.00 160.00
4.71 96.00 11164.40 160.00 160.00
4.71 96.00 11269.39 160.00 160.00
4.71 96.00 11376.38 160.00 160.00
4.71 96.00 11485.41 160.00 160.00
4.71 96.00 11596.55 160.00 160.00
4.71 96.00 11709.87 160.00 160.00
4.71 96.00 11825.42 160.00 160.00
4.71 96.00 11943.27 160.00 160.00
4.71 96.00 12063.50 160.00 160.00
4.71 96.00 12186.17 160.00 160.00
4.71 96.00 12311.37 160.00 160.00
4.71 96.00 12439.16 160.00 160.00
4.71 96.00 12569.63 160.00 160.00
4.71 96.00 12702.87 160.00 160.00
4.71 96.00 12838.96 160.00 160.00
4.71 96.00 12978.00 160.00 160.00
4.71 96.00 13120.09 160.00 160.00
4.71 96.00 13265.32 160.00 160.00
4.71 96.00 13413.80 160.00 160.00
4.71 96.00 13565.65 160.00 160.00
4.71 96.00 13720.97 160.00 160.00
4.71 96.00 13879.89 160.00 160.00
4.71 96.00 14042.53 160.00 160.00
4.71 96.00 14209.04 160.00 160.00
4.71 96.00 14379.53 160.00 160.00
4.71 96.00 14554.17 160.00 160.00
4.71 96.00 14733.10 160.00 160.00
4.71 96.00 14916.49 160.00 160.00
4.71 96.00 15104.50 160.00 160.00
4.71 96.00 15297.31 160.00 160.00
4.71 96.00 15495.11 160.00 160.00
4.71 96.00 15698.08 160.00 160.00
4.71 96.00 15906.45 160.00 160.00
4.71 96.00 16120.42 160.00 160.00
4.71 96.00 16340.23 160.00 160.00
4.71 96.00 16566.11 160.00 160.00
4.71 96.00 16798.33 160.00 160.00
4.71 96.00 17037.15 160.00 160.00
4.71 96.00 17282.86 160.00 160.00
4.71 96.00 17535.76 160.00 160.00
4.71 96.00 17796.17 160.00 160.00
4.71 96.00 18064.43 160.00 160.00
4.71 96.00 18340.90 160.00 160.00
4.71 96.00 18625.97 160.00 160.00
4.71 96.00 18920.04 160.00 160.00
4.71 96.00 19223.54 160.00 160.00
4.71 96.00 19536.94 160.00 160.00
4.71 96.00 19860.72 160.00 160.00
4.71 96.00 20195.43 160.00 160.00
4.71 96.00 20541.60 160.00 160.00
4.71 96.00 20899.85 160.00 160.00
4.71 96.00 21270.81 160.00 160.00
4.71 96.00 21655.19 160.00 160.00
4.71 96.00 22053.71 160.00 160.00
4.71 96.00 22467.17 160.00 160.00
4.71 96.00 22896.44 160.00 160.00
4.71 96.00 23342.42 160.00 160.00
4.71 96.00 23806.13 160.00 160.00
4.71 96.00 24288.63 160.00 160.00
4.71 96.00 24791.10 160.00 160.00
4.71 96.00 25314.79 160.00 160.00
4.71 96.00 25861.09 160.00 160.00
4.71 96.00 26431.49 160.00 160.00
4.71 96.00 27027.61 160.00 160.00
4.71 96.00 27651.24 160.00 160.00
4.71 96.00 28304.34 160.00 160.00
4.71 96.00 28989.03 160.00 160.00
4.71 96.00 29707.67 160.00 160.00
4.71 96.00 30462.84 160.00 160.00
4.71 96.00 31257.41 160.00 160.00
4.71 96.00 32094.54 160.00 160.00
4.71 96.00 32977.74 160.00 160.00
4.71 96.00 33910.93 160.00 160.00
4.71 96.00 34898.46 160.00 160.00
4.71 96.00 35945.25 160.00 160.00
4.71 96.00 37056.77 160.00 160.00
4.71 96.00 38239.21 160.00 160.00
4.71 96.00 39499.62 160.00 160.00
4.71 96.00 40845.95 160.00 160.00
4.71 96.00 42287.29 160.00 160.00
4.71 96.00 43834.07 160.00 160.00
4.71 96.00 45498.31 160.00 160.00
4.71 96.00 47293.91 160.00 160.00
4.71 96.00 49237.05 160.00 160.00
4.71 96.00 51346.71 160.00 160.00
4.71 96.00 53645.25 160.00 160.00
4.71 96.00 56159.22 160.00 160.00
4.71 96.00 58920.40 160.00 160.00
4.71 96.00 61967.14 160.00 160.00
4.71 96.00 65346.16 160.00 160.00
4.71 96.00 69114.93 160.00 160.00
4.71 96.00 73345.03 160.00 160.00
4.71 96.00 78126.68 160.00 160.00
4.71 96.00 83575.29 160.00 160.00
4.71 96.00 89840.85 160.00 160.00
4.71 96.00 97121.99 160.00 160.00
4.71 96.00 105687.41 160.00 160.00
4.71 96.00 115909.78 160.00 160.00
4.71 96.00 128321.37 160.00 160.00
4.71 96.00 143709.75 160.00 160.00
4.71 96.00 163291.84 160.00 160.00
4.71 96.00 189052.38 160.00 160.00
4.71 96.00 224463.14 160.00 160.00
4.71 96.00 276196.59 160.00 160.00
4.71 96.00 358918.94 160.00 160.00
4.71 96.00 512379.22 160.00 160.00
4.71 96.00 895083.31 160.00 160.00
4.71 96.00 3536700.50 160.00 160.00
4.71 96.00 1812528.00 160.00 160.00
4.71 96.00 721406.69 160.00 160.00
4.71 96.00 450319.47 160.00 160.00
4.71 96.00 327320.38 160.00 160.00
4.71 96.00 257097.45 160.00 160.00
4.71 96.00 211683.19 160.00 160.00
4.71 96.00 179904.47 160.00 160.00
4.71 96.00 156421.80 160.00 160.00
4.71 96.00 138361.66 160.00 160.00
4.71 96.00 124040.23 160.00 160.00
4.71 96.00 112405.45 160.00 160.00
4.71 96.00 102766.15 160.00 160.00
4.71 96.00 94649.51 160.00 160.00
4.71 96.00 87721.14 160.00 160.00
4.71 96.00 81737.91 160.00 160.00
4.71 96.00 76518.76 160.00 160.00
4.71 96.00 71926.12 160.00 160.00
4.71 96.00 67853.56 160.00 160.00
4.71 96.00 64217.47 160.00 160.00
4.71 96.00 60951.27 160.00 160.00
4.71 96.00 58001.22 160.00 160.00
4.71 96.00 55323.56 160.00 160.00
4.71 96.00 52882.23 160.00 160.00
4.71 96.00 50647.25 160.00 160.00
4.71 96.00 48593.52 160.00 160.00
4.71 96.00 46699.86 160.00 160.00
4.71 96.00 44948.26 160.00 160.00
4.71 96.00 43323.30 160.00 160.00
4.71 96.00 41811.73 160.00 160.00
4.71 96.00 40402.08 160.00 160.00
4.71 96.00 39084.39 160.00 160.00
4.71 96.00 37849.93 160.00 160.00
4.71 96.00 36691.07 160.00 160.00
4.71 96.00 35601.05 160.00 160.00
4.71 96.00 34573.94 160.00 160.00
4.71 96.00 33604.43 160.00 160.00
4.71 96.00 32687.80 160.00 160.00
4.71 96.00 31819.86 160.00 160.00
4.71 96.00 30996.81 160.00 160.00
4.71 96.00 30215.27 160.00 160.00
4.71 96.00 29472.17 160.00 160.00
4.71 96.00 28764.75 160.00 160.00
4.71 96.00 28090.49 160.00 160.00
4.71 96.00 27447.12 160.00 160.00
4.71 96.00 26832.55 160.00 160.00
4.71 96.00 26244.91 160.00 160.00
4.71 96.00 25682.45 160.00 160.00
4.71 96.00 25143.59 160.00 160.00
4.71 96.00 24626.89 160.00 160.00
4.71 96.00 24130.99 160.00 160.00
4.71 96.00 23654.67 160.00 160.00
4.71 96.00 23196.79 160.00 160.00
4.71 96.00 22756.30 160.00 160.00
4.71 96.00 22332.22 160.00 160.00
4.71 96.00 21923.67 160.00 160.00
4.71 96.00 21529.79 160.00 160.00
4.71 96.00 21149.81 160.00 160.00
4.71 96.00 20783.02 160.00 160.00
4.71 96.00 20428.73 160.00 160.00
4.71 96.00 20086.32 160.00 160.00
4.71 96.00 19755.20 160.00 160.00
4.71 96.00 19434.81 160.00 160.00
4.71 96.00 19124.66 160.00 160.00
4.71 96.00 18824.24 160.00 160.00
4.71 96.00 18533.12 160.00 160.00
4.71 96.00 18250.87 160.00 160.00
4.71 96.00 17977.08 160.00 160.00
4.71 96.00 17711.39 160.00 160.00
4.71 96.00 17453.44 160.00 160.00
4.71 96.00 17202.89 160.00 160.00
4.71 96.00 16959.43 160.00 160.00
4.71 96.00 16722.77 160.00 160.00
4.71 96.00 16492.62 160.00 160.00
4.71 96.00 16268.73 160.00 160.00
4.71 96.00 16050.83 160.00 160.00
4.71 96.00 15838.69 160.00 160.00
4.71 96.00 15632.08 160.00 160.00
4.71 96.00 15430.79 160.00 160.00
4.71 96.00 15234.63 160.00 160.00
4.71 96.00 15043.38 160.00 160.00
4.71 96.00 14856.88 160.00 160.00
4.71 96.00 14674.95 160.00 160.00
4.71 96.00 14497.42 160.00 160.00
4.71 96.00 14324.13 160.00 160.00
4.71 96.00 14154.94 160.00 160.00
4.71 96.00 13989.70 160.00 160.00
4.71 96.00 13828.27 160.00 160.00
4.71 96.00 13670.52 160.00 160.00
4.71 96.00 13516.33 160.00 160.00
4.71 96.00 13365.58 160.00 160.00
4.71 96.00 13218.16 160.00 160.00
4.71 96.00 13073.95 160.00 160.00
4.71 96.00 12932.86 160.00 160.00
4.71 96.00 12794.78 160.00 160.00
4.71 96.00 12659.61 160.00 160.00
4.71 96.00 12527.28 160.00 160.00
4.71 96.00 12397.68 160.00 160.00
4.72 96.00 12270.73 160.00 160.00
4.72 96.00 12146.36 160.00 160.00
4.72 96.00 12024.48 160.00 160.00
4.72 96.00 11905.03 160.00 160.00
4.72 96.00 11787.92 160.00 160.00
4.72 96.00 11673.10 160.00 160.00
4.72 96.00 11560.49 160.00 160.00
4.72 96.00 11450.04 160.00 160.00
4.72 96.00 11341.67 160.00 160.00
4.72 96.00 11235.34 160.00 160.00
4.72 96.00 11130.98 160.00 160.00
4.72 96.00 11028.54 160.00 160.00
4.72 96.00 10927.97 160.00 160.00
4.72 96.00 10829.22 160.00 160.00
4.72 96.00 10732.24 160.00 160.00
4.72 96.00 10636.98 160.00 160.00
4.72 96.00 10543.39 160.00 160.00
4.72 96.00 10451.44 160.00 160.00
4.72 96.00 10361.08 160.00 160.00
4.72 96.00 10272.27 160.00 160.00
4.72 96.00 10184.96 160.00 160.00
4.72 96.00 10099.13 160.00 160.00
4.72 96.00 10014.73 160.00 160.00
4.72 96.00 9931.74 160.00 160.00
4.72 96.00 9850.10 160.00 160.00
4.72 96.00 9769.80 160.00 160.00
4.72 96.00 9690.79 160.00 160.00
4.72 96.00 9613.06 160.00 160.00
4.72 96.00 9536.56 160.00 160.00
4.72 96.00 9461.26 160.00 160.00
4.72 96.00 9387.15 160.00 160.00
4.72 96.00 9314.19 160.00 160.00
4.72 96.00 9242.36 160.00 160.00
4.72 96.00 9171.62 160.00 160.00
4.72 96.00 9101.96 160.00 160.00
4.72 96.00 9033.35 160.00 160.00
4.72 96.00 8965.77 160.00 160.00
4.72 96.00 8899.19 160.00 160.00
4.72 96.00 8833.59 160.00 160.00
4.72 96.00 8768.95 160.00 160.00
4.72 96.00 8705.25 160.00 160.00
4.72 96.00 8642.47 160.00 160.00
4.72 96.00 8580.59 160.00 160.00
4.72 96.00 8519.59 160.00 160.00
4.72 96.00 8459.45 160.00 160.00
4.72 96.00 8400.15 160.00 160.00
4.72 96.00 8341.68 160.00 160.00
4.72 96.00 8284.02 160.00 160.00
4.72 96.00 8227.15 160.00 160.00
4.72 96.00 8171.05 160.00 160.00
4.72 96.00 8115.71 160.00 160.00
4.72 96.00 8061.12 160.00 160.00
4.72 96.00 8007.26 160.00 160.00
4.72 96.00 7954.11 160.00 160.00
4.72 96.00 7901.67 160.00 160.00
4.72 96.00 7849.91 160.00 160.00
4.72 96.00 7798.82 160.00 160.00
4.72 96.00 7748.40 160.00 160.00
4.72 96.00 7698.62 160.00 160.00
4.72 96.00 7649.48 160.00 160.00
4.72 96.00 7600.96 160.00 160.00
4.72 96.00 7553.05 160.00 160.00
4.72 96.00 7505.75 160.00 160.00
4.72 96.00 7459.03 160.00 160.00
4.72 96.00 7412.89 160.00 160.00
4.72 96.00 7367.32 160.00 160.00
4.72 96.00 7322.30 160.00 160.00
4.72 96.00 7277.83 160.00 160.00
4.72 96.00 7233.90 160.00 160.00
4.72 96.00 7190.50 160.00 160.00
4.72 96.00 7147.61 160.00 160.00
4.72 96.00 7105.23 160.00 160.00
4.72 96.00 7063.35 160.00 160.00
4.72 96.00 7021.96 160.00 160.00
4.72 96.00 6981.06 160.00 160.00
4.72 96.00 6940.63 160.00 160.00
4.72 96.00 6900.66 160.00 160.00
4.72 96.00 6861.15 160.00 160.00
4.72 96.00 6822.09 160.00 160.00
4.72 96.00 6783.48 160.00 160.00
4.72 96.00 6745.30 160.00 160.00
4.72 96.00 6707.54 160.00 160.00
4.72 96.00 6670.21 160.00 160.00
4.72 96.00 6633.29 160.00 160.00
4.72 96.00 6596.77 160.00 160.00
4.72 96.00 6560.66 160.00 160.00
4.72 96.00 6524.94 160.00 160.00
4.72 96.00 6489.60 160.00 160.00
4.72 96.00 6454.65 160.00 160.00
4.72 96.00 6420.07 160.00 160.00
4.72 96.00 6385.86 160.00 160.00
4.72 96.00 6352.01 160.00 160.00
4.72 96.00 6318.52 160.00 160.00
4.72 96.00 6285.38 160.00 160.00
4.72 96.00 6252.59 160.00 160.00
4.72 96.00 6220.13 160.00 160.00
4.72 96.00 6188.01 160.00 160.00
4.72 96.00 6156.23 160.00 160.00
4.72 96.00 6124.76 160.00 160.00
4.72 96.00 6093.62 160.00 160.00
4.72 96.00 6062.79 160.00 160.00
4.72 96.00 6032.27 160.00 160.00
4.72 96.00 6002.06 160.00 160.00
4.72 96.00 5972.15 160.00 160.00
4.72 96.00 5942.53 160.00 160.00
4.72 96.00 5913.21 160.00 160.00
4.72 96.00 5884.18 160.00 160.00
4.72 96.00 5855.43 160.00 160.00
4.72 96.00 5826.96 160.00 160.00
4.72 96.00 5798.76 160.00 160.00
4.72 96.00 5770.84 160.00 160.00
4.72 96.00 5743.18 160.00 160.00
4.72 96.00 5715.79 160.00 160.00
4.72 96.00 5688.66 160.00 160.00
4.72 96.00 5661.78 160.00 160.00
4.72 96.00 5635.16 160.00 160.00
4.72 96.00 5608.78 160.00 160.00
4.72 96.00 5582.65 160.00 160.00
4.72 96.00 5556.77 160.00 160.00
4.72 96.00 5531.12 160.00 160.00
4.72 96.00 5505.71 160.00 160.00
4.72 96.00 5480.53 160.00 160.00
4.72 96.00 5455.58 160.00 160.00
4.72 96.00 5430.86 160.00 160.00
4.72 96.00 5406.36 160.00 160.00
4.72 96.00 5382.08 160.00 160.00
4.72 96.00 5358.01 160.00 160.00
4.72 96.00 5334.17 160.00 160.00
4.72 96.00 5310.53 160.00 160.00
4.72 96.00 5287.10 160.00 160.00
4.72 96.00 5263.88 160.00 160.00
4.72 96.00 5240.85 160.00 160.00
4.72 96.00 5218.04 160.00 160.00
4.72 96.00 5195.41 160.00 160.00
4.72 96.00 5172.99 160.00 160.00
4.72 96.00 5150.75 160.00 160.00
4.72 96.00 5128.71 160.00 160.00
4.72 96.00 5106.85 160.00 160.00
4.72 96.00 5085.18 160.00 160.00
4.72 96.00 5063.70 160.00 160.00
4.72 96.00 5042.39 160.00 160.00
4.72 96.00 5021.26 160.00 160.00
4.72 96.00 5000.31 160.00 160.00
4.72 96.00 4979.54 160.00 160.00
4.72 96.00 4958.93 160.00 160.00
4.72 96.00 4938.50 160.00 160.00
4.72 96.00 4918.23 160.00 160.00
4.72 96.00 4898.13 160.00 160.00
4.72 96.00 4878.19 160.00 160.00
4.72 96.00 4858.41 160.00 160.00
4.72 96.00 4838.79 160.00 160.00
4.72 96.00 4819.33 160.00 160.00
4.72 96.00 4800.03 160.00 160.00
4.72 96.00 4780.88 160.00 160.00
4.72 96.00 4761.89 160.00 160.00
4.72 96.00 4743.04 160.00 160.00
4.72 96.00 4724.34 160.00 160.00
4.72 96.00 4705.79 160.00 160.00
4.72 96.00 4687.38 160.00 160.00
4.72 96.00 4669.12 160.00 160.00
4.72 96.00 4651.00 160.00 160.00
4.72 96.00 4633.02 160.00 160.00
4.72 96.00 4615.18 160.00 160.00
4.72 96.00 4597.47 160.00 160.00
4.72 96.00 4579.90 160.00 160.00
4.72 96.00 4562.47 160.00 160.00
4.72 96.00 4545.16 160.00 160.00
4.72 96.00 4527.99 160.00 160.00
4.72 96.00 4510.94 160.00 160.00
4.72 96.00 4494.03 160.00 160.00
4.72 96.00 4477.24 160.00 160.00
4.72 96.00 4460.57 160.00 160.00
4.72 96.00 4444.03 160.00 160.00
4.72 96.00 4427.61 160.00 160.00
4.72 96.00 4411.32 160.00 160.00
4.72 96.00 4395.14 160.00 160.00
4.72 96.00 4379.08 160.00 160.00
4.72 96.00 4363.13 160.00 160.00
4.72 96.00 4347.31 160.00 160.00
4.72 96.00 4331.59 160.00 160.00
4.72 96.00 4315.99 160.00 160.00
4.72 96.00 4300.50 160.00 160.00
4.72 96.00 4285.13 160.00 160.00
4.72 96.00 4269.86 160.00 160.00
4.72 96.00 4254.70 160.00 160.00
4.72 96.00 4239.65 160.00 160.00
4.72 96.00 4224.70 160.00 160.00
4.72 96.00 4209.86 160.00 160.00
4.72 96.00 4195.12 160.00 160.00
4.72 96.00 4180.49 160.00 160.00
4.72 96.00 4165.96 160.00 160.00
4.72 96.00 4151.53 160.00 160.00
4.72 96.00 4137.19 160.00 160.00
4.72 96.00 4122.96 160.00 160.00
4.72 96.00 4108.82 160.00 160.00
4.72 96.00 4094.79 160.00 160.00
4.72 96.00 4080.84 160.00 160.00
4.72 96.00 4066.99 160.00 160.00
4.72 96.00 4053.24 160.00 160.00
4.72 96.00 4039.58 160.00 160.00
4.72 96.00 4026.00 160.00 160.00
4.72 96.00 4012.52 160.00 160.00
4.72 96.00 3999.13 160.00 160.00
4.72 96.00 3985.83 160.00 160.00
4.72 96.00 3972.62 160.00 160.00
4.72 96.00 3959.50 160.00 160.00
4.72 96.00 3946.46 160.00 160.00
4.72 96.00 3933.50 160.00 160.00
4.72 96.00 3920.64 160.00 160.00
4.72 96.00 3907.85 160.00 160.00
4.72 96.00 3895.15 160.00 160.00
4.72 96.00 3882.53 160.00 160.00
4.72 96.00 3869.99 160.00 160.00
4.72 96.00 3857.54 160.00 160.00
4.72 96.00 3845.16 160.00 160.00
4.72 96.00 3832.86 160.00 160.00
4.72 96.00 3820.64 160.00 160.00
4.72 96.00 3808.50 160.00 160.00
4.72 96.00 3796.43 160.00 160.00
4.72 96.00 3784.45 160.00 160.00
4.72 96.00 3772.53 160.00 160.00
4.72 96.00 3760.69 160.00 160.00
4.72 96.00 3748.93 160.00 160.00
4.72 96.00 3737.24 160.00 160.00
4.72 96.00 3725.62 160.00 160.00
4.72 96.00 3714.07 160.00 160.00
4.72 96.00 3702.60 160.00 160.00
4.72 96.00 3691.19 160.00 160.00
4.72 96.00 3679.86 160.00 160.00
4.72 96.00 3668.60 160.00 160.00
4.72 96.00 3657.40 160.00 160.00
4.72 96.00 3646.27 160.00 160.00
4.72 96.00 3635.21 160.00 160.00
4.72 96.00 3624.22 160.00 160.00
4.72 96.00 3613.29 160.00 160.00
4.72 96.00 3602.43 160.00 160.00
4.72 96.00 3591.63 160.00 160.00
4.72 96.00 3580.90 160.00 160.00
4.72 96.00 3570.23 160.00 160.00
4.72 96.00 3559.63 160.00 160.00
4.72 96.00 3549.09 160.00 160.00
4.72 96.00 3538.61 160.00 160.00
4.72 96.00 3528.19 160.00 160.00
4.72 96.00 3517.83 160.00 160.00
4.72 96.00 3507.54 160.00 160.00
4.72 96.00 3497.30 160.00 160.00
4.72 96.00 3487.12 160.00 160.00
4.72 96.00 3477.01 160.00 160.00
4.72 96.00 3466.95 160.00 160.00
4.72 96.00 3456.95 160.00 160.00
4.72 96.00 3447.00 160.00 160.00
4.72 96.00 3437.12 160.00 160.00
4.72 96.00 3427.29 160.00 160.00
4.72 96.00 3417.52 160.00 160.00
4.72 96.00 3407.80 160.00 160.00
4.72 96.00 3398.14 160.00 160.00
4.72 96.00 3388.53 160.00 160.00
4.72 96.00 3378.97 160.00 160.00
4.72 96.00 3369.47 160.00 160.00
4.72 96.00 3360.03 160.00 160.00
4.72 96.00 3350.63 160.00 160.00
4.72 96.00 3341.29 160.00 160.00
4.72 96.00 3332.00 160.00 160.00
4.72 96.00 3322.76 160.00 160.00
4.72 96.00 3313.57 160.00 160.00
4.72 96.00 3304.44 160.00 160.00
4.72 96.00 3295.35 160.00 160.00
4.72 96.00 3286.32 160.00 160.00
4.72 96.00 3277.33 160.00 160.00
4.72 96.00 3268.39 160.00 160.00
4.72 96.00 3259.50 160.00 160.00
4.72 96.00 3250.66 160.00 160.00
4.72 96.00 3241.87 160.00 160.00
4.72 96.00 3233.12 160.00 160.00
4.72 96.00 3224.42 160.00 160.00
4.72 96.00 3215.77 160.00 160.00
4.72 96.00 3207.16 160.00 160.00
4.72 96.00 3198.60 160.00 160.00
4.72 96.00 3190.09 160.00 160.00
4.72 96.00 3181.62 160.00 160.00
4.72 96.00 3173.20 160.00 160.00
4.72 96.00 3164.82 160.00 160.00
4.72 96.00 3156.48 160.00 160.00
4.72 96.00 3148.19 160.00 160.00
4.72 96.00 3139.94 160.00 160.00
4.72 96.01 3131.74 160.00 160.00
4.72 96.01 3123.57 160.00 160.00
4.72 96.01 3115.45 160.00 160.00
4.72 96.01 3107.37 160.00 160.00
4.72 96.01 3099.34 160.00 160.00
4.72 96.01 3091.34 160.00 160.00
4.72 96.01 3083.39 160.00 160.00
4.72 96.01 3075.48 160.00 160.00
4.72 96.01 3067.61 160.00 160.00
4.72 96.01 3059.77 160.00 160.00
4.72 96.01 3051.98 160.00 160.00
4.72 96.01 3044.23 160.00 160.00
4.72 96.01 3036.52 160.00 160.00
4.72 96.01 3028.84 160.00 160.00
4.72 96.01 3021.21 160.00 160.00
4.72 96.01 3013.61 160.00 160.00
4.72 96.01 3006.05 160.00 160.00
4.72 96.01 2998.53 160.00 160.00
4.72 96.01 2991.04 160.00 160.00
4.72 96.01 2983.60 160.00 160.00
4.72 96.01 2976.19 160.00 160.00
4.72 96.01 2968.82 160.00 160.00
4.72 96.01 2961.48 160.00 160.00
4.72 96.01 2954.18 160.00 160.00
4.72 96.01 2946.92 160.00 160.00
4.72 96.01 2939.69 160.00 160.00
4.72 96.01 2932.49 160.00 160.00
4.72 96.01 2925.34 160.00 160.00
4.72 96.01 2918.21 160.00 160.00
4.72 96.01 2911.12 160.00 160.00
4.72 96.01 2904.07 160.00 160.00
4.72 96.01 2897.05 160.00 160.00
4.72 96.01 2890.06 160.00 160.00
4.72 96.01 2883.11 160.00 160.00
4.72 96.01 2876.19 160.00 160.00
4.72 96.01 2869.31 160.00 160.00
4.72 96.01 2862.45 160.00 160.00
4.72 96.01 2855.63 160.00 160.00
4.72 96.01 2848.84 160.00 160.00
4.72 96.01 2842.09 160.00 160.00
4.72 96.01 2835.36 160.00 160.00
4.72 96.01 2828.67 160.00 160.00
4.72 96.01 2822.01 160.00 160.00
4.72 96.01 2815.38 160.00 160.00
4.72 96.01 2808.78 160.00 160.00
4.72 96.01 2802.22 160.00 160.00
4.72 96.01 2795.68 160.00 160.00
4.72 96.01 2789.17 160.00 160.00
4.72 96.01 2782.70 160.00 160.00
4.72 96.01 2776.25 160.00 160.00
4.72 96.01 2769.83 160.00 160.00
4.72 96.01 2763.45 160.00 160.00
4.72 96.01 2757.09 160.00 160.00
4.72 96.01 2750.76 160.00 160.00
4.72 96.01 2744.46 160.00 160.00
4.72 96.01 2738.19 160.00 160.00
4.72 96.01 2731.95 160.00 160.00
4.72 96.01 2725.74 160.00 160.00
4.72 96.01 2719.55 160.00 160.00
4.72 96.01 2713.39 160.00 160.00
4.72 96.01 2707.26 160.00 160.00
4.72 96.01 2701.16 160.00 160.00
4.72 96.01 2695.09 160.00 160.00
4.72 96.01 2689.04 160.00 160.00
4.72 96.01 2683.02 160.00 160.00
4.72 96.01 2677.03 160.00 160.00
4.72 96.01 2671.06 160.00 160.00
4.72 96.01 2665.12 160.00 160.00
4.72 96.01 2659.21 160.00 160.00
4.72 96.01 2653.32 160.00 160.00
4.72 96.01 2647.46 160.00 160.00
4.72 96.01 2641.62 160.00 160.00
4.72 96.01 2635.81 160.00 160.00
4.72 96.01 2630.03 160.00 160.00
4.72 96.01 2624.27 160.00 160.00
4.72 96.01 2618.54 160.00 160.00
4.72 96.01 2612.83 160.00 160.00
4.72 96.01 2607.14 160.00 160.00
4.72 96.01 2601.48 160.00 160.00
4.72 96.01 2595.85 160.00 160.00
4.72 96.01 2590.24 160.00 160.00
4.72 96.01 2584.65 160.00 160.00
4.72 96.01 2579.09 160.00 160.00
4.72 96.01 2573.55 160.00 160.00
4.72 96.01 2568.04 160.00 160.00
4.72 96.01 2562.55 160.00 160.00
4.72 96.01 2557.08 160.00 160.00
4.72 96.01 2551.64 160.00 160.00
4.72 96.01 2546.21 160.00 160.00
4.73 96.01 2540.82 160.00 160.00
4.73 96.01 2535.44 160.00 160.00
4.73 96.01 2530.09 160.00 160.00
4.73 96.01 2524.76 160.00 160.00
4.73 96.01 2519.45 160.00 160.00
4.73 96.01 2514.17 160.00 160.00
4.73 96.01 2508.90 160.00 160.00
4.73 96.01 2503.66 160.00 160.00
4.73 96.01 2498.44 160.00 160.00
4.73 96.01 2493.24 160.00 160.00
4.73 96.01 2488.07 160.00 160.00
4.73 96.01 2482.91 160.00 160.00
4.73 96.01 2477.78 160.00 160.00
4.73 96.01 2472.67 160.00 160.00
4.73 96.01 2467.58 160.00 160.00
4.73 96.01 2462.51 160.00 160.00
4.73 96.01 2457.46 160.00 160.00
4.73 96.01 2452.43 160.00 160.00
4.73 96.01 2447.42 160.00 160.00
4.73 96.01 2442.43 160.00 160.00
4.73 96.01 2437.47 160.00 160.00
4.73 96.01 2432.52 160.00 160.00
4.73 96.01 2427.59 160.00 160.00
4.73 96.01 2422.68 160.00 160.00
4.73 96.01 2417.80 160.00 160.00
4.73 96.01 2412.93 160.00 160.00
4.73 96.01 2408.08 160.00 160.00
4.73 96.01 2403.25 160.00 160.00
4.73 96.01 2398.44 160.00 160.00
4.73 96.01 2393.65 160.00 160.00
4.73 96.01 2388.88 160.00 160.00
4.73 96.01 2384.13 160.00 160.00
4.73 96.01 2379.39 160.00 160.00
4.73 96.01 2374.68 160.00 160.00
4.73 96.01 2369.98 160.00 160.00
4.73 96.01 2365.31 160.00 160.00
4.73 96.01 2360.65 160.00 160.00
4.73 96.01 2356.01 160.00 160.00
