4.19 110.85 192.00 160 160 
4.19 110.79 192.34 160 160 
4.19 110.72 192.68 160 160 
4.19 110.66 193.03 160 160 
4.19 110.59 193.37 160 160 
4.19 110.53 193.72 160 160 
4.19 110.46 194.07 160 160 
4.20 110.40 194.42 160 160 
4.20 110.33 194.77 160 160 
4.20 110.27 195.12 160 160 
4.20 110.21 195.47 160 160 
4.20 110.14 195.83 160 160 
4.20 110.08 196.18 160 160 
4.20 110.02 196.54 160 160 
4.20 109.95 196.90 160 160 
4.20 109.89 197.26 160 160 
4.21 109.83 197.63 160 160 
4.21 109.77 197.99 160 160 
4.21 109.70 198.36 160 160 
4.21 109.64 198.73 160 160 
4.21 109.58 199.09 160 160 
4.21 109.52 199.46 160 160 
4.21 109.46 199.84 160 160 
4.21 109.40 200.21 160 160 
4.21 109.34 200.59 160 160 
4.21 109.27 200.96 160 160 
4.22 109.21 201.34 160 160 
4.22 109.15 201.72 160 160 
4.22 109.09 202.11 160 160 
4.22 109.03 202.49 160 160 
4.22 108.97 202.87 160 160 
4.22 108.91 203.26 160 160 
4.22 108.85 203.65 160 160 
4.22 108.79 204.04 160 160 
4.22 108.73 204.43 160 160 
4.22 108.68 204.83 160 160 
4.23 108.62 205.22 160 160 
4.23 108.56 205.62 160 160 
4.23 108.50 206.02 160 160 
4.23 108.44 206.42 160 160 
4.23 108.38 206.82 160 160 
4.23 108.32 207.23 160 160 
4.23 108.27 207.63 160 160 
4.23 108.21 208.04 160 160 
4.23 108.15 208.45 160 160 
4.23 108.09 208.86 160 160 
4.24 108.04 209.28 160 160 
4.24 107.98 209.69 160 160 
4.24 107.92 210.11 160 160 
4.24 107.87 210.53 160 160 
4.24 107.81 210.95 160 160 
4.24 107.75 211.37 160 160 
4.24 107.70 211.80 160 160 
4.24 107.64 212.23 160 160 
4.24 107.59 212.65 160 160 
4.25 107.53 213.08 160 160 
4.25 107.48 213.52 160 160 
4.25 107.42 213.95 160 160 
4.25 107.37 214.39 160 160 
4.25 107.31 214.83 160 160 
4.25 107.26 215.27 160 160 
4.25 107.20 215.71 160 160 
4.25 107.15 216.16 160 160 
4.25 107.09 216.60 160 160 
4.25 107.04 217.05 160 160 
4.26 106.98 217.50 160 160 
4.26 106.93 217.96 160 160 
4.26 106.88 218.41 160 160 
4.26 106.82 218.87 160 160 
4.26 106.77 219.33 160 160 
4.26 106.72 219.79 160 160 
4.26 106.66 220.26 160 160 
4.26 106.61 220.72 160 160 
4.26 106.56 221.19 160 160 
4.26 106.51 221.66 160 160 
4.27 106.45 222.13 160 160 
4.27 106.40 222.61 160 160 
4.27 106.35 223.09 160 160 
4.27 106.30 223.57 160 160 
4.27 106.25 224.05 160 160 
4.27 106.20 224.53 160 160 
4.27 106.14 225.02 160 160 
4.27 106.09 225.51 160 160 
4.27 106.04 226.00 160 160 
4.27 105.99 226.49 160 160 
4.28 105.94 226.99 160 160 
4.28 105.89 227.49 160 160 
4.28 105.84 227.99 160 160 
4.28 105.79 228.49 160 160 
4.28 105.74 229.00 160 160 
4.28 105.69 229.51 160 160 
4.28 105.64 230.02 160 160 
4.28 105.59 230.53 160 160 
4.28 105.54 231.05 160 160 
4.28 105.49 231.57 160 160 
4.29 105.44 232.09 160 160 
4.29 105.39 232.61 160 160 
4.29 105.35 233.14 160 160 
4.29 105.30 233.67 160 160 
4.29 105.25 234.20 160 160 
4.29 105.20 234.73 160 160 
4.29 105.15 235.27 160 160 
4.29 105.10 235.81 160 160 
4.29 105.06 236.35 160 160 
4.30 105.01 236.90 160 160 
4.30 104.96 237.44 160 160 
4.30 104.91 237.99 160 160 
4.30 104.87 238.55 160 160 
4.30 104.82 239.10 160 160 
4.30 104.77 239.66 160 160 
4.30 104.73 240.23 160 160 
4.30 104.68 240.79 160 160 
4.30 104.63 241.36 160 160 
4.30 104.59 241.93 160 160 
4.31 104.54 242.50 160 160 
4.31 104.49 243.08 160 160 
4.31 104.45 243.66 160 160 
4.31 104.40 244.24 160 160 
4.31 104.36 244.83 160 160 
4.31 104.31 245.42 160 160 
4.31 104.27 246.01 160 160 
4.31 104.22 246.60 160 160 
4.31 104.18 247.20 160 160 
4.31 104.13 247.80 160 160 
4.32 104.09 248.41 160 160 
4.32 104.04 249.02 160 160 
4.32 104.00 249.63 160 160 
4.32 103.95 250.24 160 160 
4.32 103.91 250.86 160 160 
4.32 103.87 251.48 160 160 
4.32 103.82 252.11 160 160 
4.32 103.78 252.73 160 160 
4.32 103.73 253.36 160 160 
4.32 103.69 254.00 160 160 
4.33 103.65 254.64 160 160 
4.33 103.61 255.28 160 160 
4.33 103.56 255.92 160 160 
4.33 103.52 256.57 160 160 
4.33 103.48 257.22 160 160 
4.33 103.43 257.88 160 160 
4.33 103.39 258.54 160 160 
4.33 103.35 259.20 160 160 
4.33 103.31 259.87 160 160 
4.34 103.27 260.54 160 160 
4.34 103.22 261.21 160 160 
4.34 103.18 261.89 160 160 
4.34 103.14 262.57 160 160 
4.34 103.10 263.26 160 160 
4.34 103.06 263.95 160 160 
4.34 103.02 264.64 160 160 
4.34 102.98 265.34 160 160 
4.34 102.94 266.04 160 160 
4.34 102.89 266.74 160 160 
4.35 102.85 267.45 160 160 
4.35 102.81 268.17 160 160 
4.35 102.77 268.88 160 160 
4.35 102.73 269.61 160 160 
4.35 102.69 270.33 160 160 
4.35 102.65 271.06 160 160 
4.35 102.61 271.80 160 160 
4.35 102.57 272.53 160 160 
4.35 102.54 273.28 160 160 
4.35 102.50 274.02 160 160 
4.36 102.46 274.77 160 160 
4.36 102.42 275.53 160 160 
4.36 102.38 276.29 160 160 
4.36 102.34 277.06 160 160 
4.36 102.30 277.82 160 160 
4.36 102.26 278.60 160 160 
4.36 102.22 279.38 160 160 
4.36 102.19 280.16 160 160 
4.36 102.15 280.95 160 160 
4.36 102.11 281.74 160 160 
4.37 102.07 282.54 160 160 
4.37 102.04 283.34 160 160 
4.37 102.00 284.15 160 160 
4.37 101.96 284.96 160 160 
4.37 101.92 285.78 160 160 
4.37 101.89 286.60 160 160 
4.37 101.85 287.43 160 160 
4.37 101.81 288.26 160 160 
4.37 101.78 289.09 160 160 
4.37 101.74 289.94 160 160 
4.38 101.70 290.78 160 160 
4.38 101.67 291.64 160 160 
4.38 101.63 292.50 160 160 
4.38 101.59 293.36 160 160 
4.38 101.56 294.23 160 160 
4.38 101.52 295.10 160 160 
4.38 101.49 295.98 160 160 
4.38 101.45 296.87 160 160 
4.38 101.42 297.76 160 160 
4.39 101.38 298.66 160 160 
4.39 101.35 299.56 160 160 
4.39 101.31 300.47 160 160 
4.39 101.28 301.38 160 160 
4.39 101.24 302.30 160 160 
4.39 101.21 303.23 160 160 
4.39 101.17 101.39 160 160 
4.39 101.14 101.70 160 160 
4.39 101.10 102.01 160 160 
4.39 101.07 102.33 160 160 
4.40 101.03 102.65 160 160 
4.40 101.00 102.97 160 160 
4.40 100.97 103.29 160 160 
4.40 100.93 103.62 160 160 
4.40 100.90 103.95 160 160 
4.40 100.87 104.28 160 160 
4.40 100.83 104.61 160 160 
4.40 100.80 104.94 160 160 
4.40 100.77 105.28 160 160 
4.40 100.73 105.62 160 160 
4.41 100.70 105.96 160 160 
4.41 100.67 106.30 160 160 
4.41 100.64 106.65 160 160 
4.41 100.60 106.99 160 160 
4.41 100.57 107.35 160 160 
4.41 100.54 107.70 160 160 
4.41 100.51 108.05 160 160 
4.41 100.48 108.41 160 160 
4.41 100.45 108.77 160 160 
4.41 100.41 109.13 160 160 
4.42 100.38 109.50 160 160 
4.42 100.35 109.87 160 160 
4.42 100.32 110.24 160 160 
4.42 100.29 110.61 160 160 
4.42 100.26 110.99 160 160 
4.42 100.23 111.36 160 160 
4.42 100.20 111.74 160 160 
4.42 100.17 112.13 160 160 
4.42 100.14 112.51 160 160 
4.43 100.10 112.90 160 160 
4.43 100.07 113.30 160 160 
4.43 100.04 113.69 160 160 
4.43 100.01 114.09 160 160 
4.43 99.98 114.49 160 160 
4.43 99.96 114.89 160 160 
4.43 99.93 115.30 160 160 
4.43 99.90 115.71 160 160 
4.43 99.87 116.12 160 160 
4.43 99.84 116.54 160 160 
4.44 99.81 116.96 160 160 
4.44 99.78 117.38 160 160 
4.44 99.75 117.80 160 160 
4.44 99.72 118.23 160 160 
4.44 99.69 118.66 160 160 
4.44 99.66 119.10 160 160 
4.44 99.64 119.54 160 160 
4.44 99.61 119.98 160 160 
4.44 99.58 120.42 160 160 
4.44 99.55 120.87 160 160 
4.45 99.52 121.32 160 160 
4.45 99.50 121.78 160 160 
4.45 99.47 122.24 160 160 
4.45 99.44 122.70 160 160 
4.45 99.41 123.17 160 160 
4.45 99.39 123.64 160 160 
4.45 99.36 124.11 160 160 
4.45 99.33 124.59 160 160 
4.45 99.31 125.07 160 160 
4.45 99.28 125.56 160 160 
4.46 99.25 126.05 160 160 
4.46 99.23 126.54 160 160 
4.46 99.20 127.04 160 160 
4.46 99.17 127.54 160 160 
4.46 99.15 128.04 160 160 
4.46 99.12 128.55 160 160 
4.46 99.09 129.07 160 160 
4.46 99.07 129.58 160 160 
4.46 99.04 130.11 160 160 
4.46 99.02 130.63 160 160 
4.47 98.99 131.16 160 160 
4.47 98.97 131.70 160 160 
4.47 98.94 132.24 160 160 
4.47 98.92 132.78 160 160 
4.47 98.89 133.33 160 160 
4.47 98.87 133.89 160 160 
4.47 98.84 134.44 160 160 
4.47 98.82 135.01 160 160 
4.47 98.79 135.58 160 160 
4.48 98.77 136.15 160 160 
4.48 98.74 136.73 160 160 
4.48 98.72 137.31 160 160 
4.48 98.69 137.90 160 160 
4.48 98.67 138.49 160 160 
4.48 98.65 139.09 160 160 
4.48 98.62 139.70 160 160 
4.48 98.60 140.31 160 160 
4.48 98.58 140.92 160 160 
4.48 98.55 141.54 160 160 
4.49 98.53 142.17 160 160 
4.49 98.51 142.80 160 160 
4.49 98.48 143.44 160 160 
4.49 98.46 144.08 160 160 
4.49 98.44 144.73 160 160 
4.49 98.41 145.39 160 160 
4.49 98.39 146.05 160 160 
4.49 98.37 146.72 160 160 
4.49 98.35 147.39 160 160 
4.49 98.32 148.07 160 160 
4.50 98.30 148.76 160 160 
4.50 98.28 149.46 160 160 
4.50 98.26 150.16 160 160 
4.50 98.24 150.86 160 160 
4.50 98.21 151.58 160 160 
4.50 98.19 152.30 160 160 
4.50 98.17 153.03 160 160 
4.50 98.15 153.76 160 160 
4.50 98.13 154.51 160 160 
4.50 98.11 155.26 160 160 
4.51 98.09 156.01 160 160 
4.51 98.06 156.78 160 160 
4.51 98.04 157.55 160 160 
4.51 98.02 158.33 160 160 
4.51 98.00 159.12 160 160 
4.51 97.98 159.92 160 160 
4.51 97.96 160.72 160 160 
4.51 97.94 161.54 160 160 
4.51 97.92 162.36 160 160 
4.52 97.90 163.19 160 160 
4.52 97.88 164.03 160 160 
4.52 97.86 164.87 160 160 
4.52 97.84 165.73 160 160 
4.52 97.82 166.60 160 160 
4.52 97.80 167.47 160 160 
4.52 97.78 168.36 160 160 
4.52 97.76 169.25 160 160 
4.52 97.74 170.15 160 160 
4.52 97.72 171.07 160 160 
4.53 97.71 171.99 160 160 
4.53 97.69 172.93 160 160 
4.53 97.67 173.87 160 160 
4.53 97.65 174.83 160 160 
4.53 97.63 175.79 160 160 
4.53 97.61 176.77 160 160 
4.53 97.59 177.76 160 160 
4.53 97.58 178.75 160 160 
4.53 97.56 179.76 160 160 
4.53 97.54 180.79 160 160 
4.54 97.52 181.82 160 160 
4.54 97.50 182.87 160 160 
4.54 97.49 183.93 160 160 
4.54 97.47 185.00 160 160 
4.54 97.45 186.08 160 160 
4.54 97.43 187.18 160 160 
4.54 97.42 188.29 160 160 
4.54 97.40 189.41 160 160 
4.54 97.38 190.55 160 160 
4.54 97.37 191.70 160 160 
4.55 97.35 192.86 160 160 
4.55 97.33 194.04 160 160 
4.55 97.32 195.24 160 160 
4.55 97.30 196.44 160 160 
4.55 97.28 197.67 160 160 
4.55 97.27 198.91 160 160 
4.55 97.25 200.17 160 160 
4.55 97.23 201.44 160 160 
4.55 97.22 202.73 160 160 
4.55 97.20 204.03 160 160 
4.56 97.19 205.35 160 160 
4.56 97.17 206.69 160 160 
4.56 97.16 208.05 160 160 
4.56 97.14 209.43 160 160 
4.56 97.13 210.82 160 160 
4.56 97.11 212.24 160 160 
4.56 97.10 213.67 160 160 
4.56 97.08 215.12 160 160 
4.56 97.07 216.59 160 160 
4.57 97.05 218.09 160 160 
4.57 97.04 219.60 160 160 
4.57 97.02 221.14 160 160 
4.57 97.01 222.69 160 160 
4.57 96.99 224.27 160 160 
4.57 96.98 225.88 160 160 
4.57 96.96 227.50 160 160 
4.57 96.95 229.15 160 160 
4.57 96.94 230.83 160 160 
4.57 96.92 232.52 160 160 
4.58 96.91 234.25 160 160 
4.58 96.89 236.00 160 160 
4.58 96.88 237.78 160 160 
4.58 96.87 239.58 160 160 
4.58 96.85 241.41 160 160 
4.58 96.84 243.27 160 160 
4.58 96.83 245.16 160 160 
4.58 96.82 247.08 160 160 
4.58 96.80 249.03 160 160 
4.58 96.79 251.01 160 160 
4.59 96.78 253.03 160 160 
4.59 96.76 255.07 160 160 
4.59 96.75 257.15 160 160 
4.59 96.74 259.27 160 160 
4.59 96.73 261.42 160 160 
4.59 96.72 263.60 160 160 
4.59 96.70 265.82 160 160 
4.59 96.69 268.08 160 160 
4.59 96.68 270.38 160 160 
4.59 96.67 272.73 160 160 
4.60 96.66 275.11 160 160 
4.60 96.64 277.53 160 160 
4.60 96.63 280.00 160 160 
4.60 96.62 282.51 160 160 
4.60 96.61 285.07 160 160 
4.60 96.60 287.67 160 160 
4.60 96.59 290.32 160 160 
4.60 96.58 293.02 160 160 
4.60 96.57 295.78 160 160 
4.61 96.56 298.58 160 160 
4.61 96.55 301.44 160 160 
4.61 96.54 304.36 160 160 
4.61 96.52 307.33 160 160 
4.61 96.51 310.36 160 160 
4.61 96.50 313.46 160 160 
4.61 96.49 316.61 160 160 
4.61 96.48 319.83 160 160 
4.61 96.47 323.12 160 160 
4.61 96.46 326.47 160 160 
4.62 96.45 329.90 160 160 
4.62 96.45 333.40 160 160 
4.62 96.44 336.97 160 160 
4.62 96.43 340.62 160 160 
4.62 96.42 344.36 160 160 
4.62 96.41 348.17 160 160 
4.62 96.40 352.07 160 160 
4.62 96.39 356.06 160 160 
4.62 96.38 360.14 160 160 
4.62 96.37 364.32 160 160 
4.63 96.36 368.60 160 160 
4.63 96.36 372.97 160 160 
4.63 96.35 377.45 160 160 
4.63 96.34 382.05 160 160 
4.63 96.33 386.75 160 160 
4.63 96.32 391.58 160 160 
4.63 96.31 396.52 160 160 
4.63 96.31 401.59 160 160 
4.63 96.30 406.80 160 160 
4.63 96.29 412.14 160 160 
4.64 96.28 417.62 160 160 
4.64 96.28 423.26 160 160 
4.64 96.27 429.04 160 160 
4.64 96.26 434.99 160 160 
4.64 96.25 441.11 160 160 
4.64 96.25 447.40 160 160 
4.64 96.24 453.87 160 160 
4.64 96.23 460.53 160 160 
4.64 96.23 467.40 160 160 
4.64 96.22 474.47 160 160 
4.65 96.21 481.76 160 160 
4.65 96.21 489.27 160 160 
4.65 96.20 497.03 160 160 
4.65 96.19 505.03 160 160 
4.65 96.19 513.30 160 160 
4.65 96.18 521.85 160 160 
4.65 96.18 530.68 160 160 
4.65 96.17 539.82 160 160 
4.65 96.16 549.28 160 160 
4.66 96.16 559.08 160 160 
4.66 96.15 569.23 160 160 
4.66 96.15 579.76 160 160 
4.66 96.14 590.69 160 160 
4.66 96.14 602.04 160 160 
4.66 96.13 613.83 160 160 
4.66 96.13 626.10 160 160 
4.66 96.12 638.86 160 160 
4.66 96.12 652.16 160 160 
4.66 96.11 666.03 160 160 
4.67 96.11 680.49 160 160 
4.67 96.10 695.60 160 160 
4.67 96.10 711.40 160 160 
4.67 96.09 727.94 160 160 
4.67 96.09 745.26 160 160 
4.67 96.08 763.42 160 160 
4.67 96.08 782.50 160 160 
4.67 96.08 802.55 160 160 
4.67 96.07 823.66 160 160 
4.67 96.07 845.91 160 160 
4.68 96.07 869.39 160 160 
4.68 96.06 894.22 160 160 
4.68 96.06 920.51 160 160 
4.68 96.05 948.40 160 160 
4.68 96.05 978.02 160 160 
4.68 96.05 1009.56 160 160 
4.68 96.05 1043.20 160 160 
4.68 96.04 1079.16 160 160 
4.68 96.04 1117.69 160 160 
4.68 96.04 1159.08 160 160 
4.69 96.03 1203.65 160 160 
4.69 96.03 1251.78 160 160 
4.69 96.03 1303.93 160 160 
4.69 96.03 1360.61 160 160 
4.69 96.02 1422.44 160 160 
4.69 96.02 1490.17 160 160 
4.69 96.02 1564.67 160 160 
4.69 96.02 1647.01 160 160 
4.69 96.02 1738.49 160 160 
4.70 96.01 1840.75 160 160 
4.70 96.01 1955.78 160 160 
4.70 96.01 2086.16 160 160 
4.70 96.01 2235.16 160 160 
4.70 96.01 2407.08 160 160 
4.70 96.01 2607.66 160 160 
4.70 96.01 2844.71 160 160 
4.70 96.01 3129.17 160 160 
4.70 96.00 3476.84 160 160 
4.70 96.00 3911.44 160 160 
4.71 96.00 4470.20 160 160 
4.71 96.00 5215.22 160 160 
4.71 96.00 6258.25 160 160 
4.71 96.00 7822.81 160 160 
4.71 96.00 10430.39 160 160 
4.71 96.00 15645.58 160 160 
4.71 96.00 31291.14 160 160 
4.71 96.00 174199886434083936.00 160 160 
4.71 96.00 31291.14 160 160 
4.71 96.00 15645.58 160 160 
4.72 96.00 10430.39 160 160 
4.72 96.00 7822.81 160 160 
4.72 96.00 6258.25 160 160 
4.72 96.00 5215.22 160 160 
4.72 96.00 4470.20 160 160 
4.72 96.00 3911.44 160 160 
4.72 96.00 3476.84 160 160 
4.72 96.01 3129.17 160 160 
4.72 96.01 2844.71 160 160 
4.72 96.01 2607.66 160 160 
4.73 96.01 2407.08 160 160 
4.73 96.01 2235.16 160 160 
4.73 96.01 2086.16 160 160 
4.73 96.01 1955.78 160 160 
4.73 96.01 1840.75 160 160 
4.73 96.02 1738.49 160 160 
4.73 96.02 1647.01 160 160 
4.73 96.02 1564.67 160 160 
4.73 96.02 1490.17 160 160 
4.73 96.02 1422.44 160 160 
4.74 96.03 1360.61 160 160 
4.74 96.03 1303.93 160 160 
4.74 96.03 1251.78 160 160 
4.74 96.03 1203.65 160 160 
4.74 96.04 1159.08 160 160 
4.74 96.04 1117.69 160 160 
4.74 96.04 1079.16 160 160 
4.74 96.05 1043.20 160 160 
4.74 96.05 1009.56 160 160 
4.75 96.05 978.02 160 160 
4.75 96.05 948.40 160 160 
4.75 96.06 920.51 160 160 
4.75 96.06 894.22 160 160 
4.75 96.07 869.39 160 160 
4.75 96.07 845.91 160 160 
4.75 96.07 823.66 160 160 
4.75 96.08 802.55 160 160 
4.75 96.08 782.50 160 160 
4.75 96.08 763.42 160 160 
4.76 96.09 745.26 160 160 
4.76 96.09 727.94 160 160 
4.76 96.10 711.40 160 160 
4.76 96.10 695.60 160 160 
4.76 96.11 680.49 160 160 
4.76 96.11 666.03 160 160 
4.76 96.12 652.16 160 160 
4.76 96.12 638.86 160 160 
4.76 96.13 626.10 160 160 
4.76 96.13 613.83 160 160 
4.77 96.14 602.04 160 160 
4.77 96.14 590.69 160 160 
4.77 96.15 579.76 160 160 
4.77 96.15 569.23 160 160 
4.77 96.16 559.08 160 160 
4.77 96.16 549.28 160 160 
4.77 96.17 539.82 160 160 
4.77 96.18 530.68 160 160 
4.77 96.18 521.85 160 160 
4.77 96.19 513.30 160 160 
4.78 96.19 505.03 160 160 
4.78 96.20 497.03 160 160 
4.78 96.21 489.27 160 160 
4.78 96.21 481.76 160 160 
4.78 96.22 474.47 160 160 
4.78 96.23 467.40 160 160 
4.78 96.23 460.53 160 160 
4.78 96.24 453.87 160 160 
4.78 96.25 447.40 160 160 
4.78 96.25 441.11 160 160 
4.79 96.26 434.99 160 160 
4.79 96.27 429.04 160 160 
4.79 96.28 423.26 160 160 
4.79 96.28 417.62 160 160 
4.79 96.29 412.14 160 160 
4.79 96.30 406.80 160 160 
4.79 96.31 401.59 160 160 
4.79 96.31 396.52 160 160 
4.79 96.32 391.58 160 160 
4.80 96.33 386.75 160 160 
4.80 96.34 382.05 160 160 
4.80 96.35 377.45 160 160 
4.80 96.36 372.97 160 160 
4.80 96.36 368.60 160 160 
4.80 96.37 364.32 160 160 
4.80 96.38 360.14 160 160 
4.80 96.39 356.06 160 160 
4.80 96.40 352.07 160 160 
4.80 96.41 348.17 160 160 
4.81 96.42 344.36 160 160 
4.81 96.43 340.62 160 160 
4.81 96.44 336.97 160 160 
4.81 96.45 333.40 160 160 
4.81 96.45 329.90 160 160 
4.81 96.46 326.47 160 160 
4.81 96.47 323.12 160 160 
4.81 96.48 319.83 160 160 
4.81 96.49 316.61 160 160 
4.81 96.50 313.46 160 160 
4.82 96.51 310.36 160 160 
4.82 96.52 307.33 160 160 
4.82 96.54 304.36 160 160 
4.82 96.55 301.44 160 160 
4.82 96.56 298.58 160 160 
4.82 96.57 295.78 160 160 
4.82 96.58 293.02 160 160 
4.82 96.59 290.32 160 160 
4.82 96.60 287.67 160 160 
4.82 96.61 285.07 160 160 
4.83 96.62 282.51 160 160 
4.83 96.63 280.00 160 160 
4.83 96.64 277.53 160 160 
4.83 96.66 275.11 160 160 
4.83 96.67 272.73 160 160 
4.83 96.68 270.38 160 160 
4.83 96.69 268.08 160 160 
4.83 96.70 265.82 160 160 
4.83 96.72 263.60 160 160 
4.84 96.73 261.42 160 160 
4.84 96.74 259.27 160 160 
4.84 96.75 257.15 160 160 
4.84 96.76 255.07 160 160 
4.84 96.78 253.03 160 160 
4.84 96.79 251.01 160 160 
4.84 96.80 249.03 160 160 
4.84 96.82 247.08 160 160 
4.84 96.83 245.16 160 160 
4.84 96.84 243.27 160 160 
4.85 96.85 241.41 160 160 
4.85 96.87 239.58 160 160 
4.85 96.88 237.78 160 160 
4.85 96.89 236.00 160 160 
4.85 96.91 234.25 160 160 
4.85 96.92 232.52 160 160 
4.85 96.94 230.83 160 160 
4.85 96.95 229.15 160 160 
4.85 96.96 227.50 160 160 
4.85 96.98 225.88 160 160 
4.86 96.99 224.27 160 160 
4.86 97.01 222.69 160 160 
4.86 97.02 221.14 160 160 
4.86 97.04 219.60 160 160 
4.86 97.05 218.09 160 160 
4.86 97.07 216.59 160 160 
4.86 97.08 215.12 160 160 
4.86 97.10 213.67 160 160 
4.86 97.11 212.24 160 160 
4.86 97.13 210.82 160 160 
4.87 97.14 209.43 160 160 
4.87 97.16 208.05 160 160 
4.87 97.17 206.69 160 160 
4.87 97.19 205.35 160 160 
4.87 97.20 204.03 160 160 
4.87 97.22 202.73 160 160 
4.87 97.23 201.44 160 160 
4.87 97.25 200.17 160 160 
4.87 97.27 198.91 160 160 
4.87 97.28 197.67 160 160 
4.88 97.30 196.44 160 160 
4.88 97.32 195.24 160 160 
4.88 97.33 194.04 160 160 
4.88 97.35 192.86 160 160 
4.88 97.37 191.70 160 160 
4.88 97.38 190.55 160 160 
4.88 97.40 189.41 160 160 
4.88 97.42 188.29 160 160 
4.88 97.43 187.18 160 160 
4.89 97.45 186.08 160 160 
4.89 97.47 185.00 160 160 
4.89 97.49 183.93 160 160 
4.89 97.50 182.87 160 160 
4.89 97.52 181.82 160 160 
4.89 97.54 180.79 160 160 
4.89 97.56 179.76 160 160 
4.89 97.58 178.75 160 160 
4.89 97.59 177.76 160 160 
4.89 97.61 176.77 160 160 
4.90 97.63 175.79 160 160 
4.90 97.65 174.83 160 160 
4.90 97.67 173.87 160 160 
4.90 97.69 172.93 160 160 
4.90 97.71 171.99 160 160 
4.90 97.72 171.07 160 160 
4.90 97.74 170.15 160 160 
4.90 97.76 169.25 160 160 
4.90 97.78 168.36 160 160 
4.90 97.80 167.47 160 160 
4.91 97.82 166.60 160 160 
4.91 97.84 165.73 160 160 
4.91 97.86 164.87 160 160 
4.91 97.88 164.03 160 160 
4.91 97.90 163.19 160 160 
4.91 97.92 162.36 160 160 
4.91 97.94 161.54 160 160 
4.91 97.96 160.72 160 160 
4.91 97.98 159.92 160 160 
4.91 98.00 159.12 160 160 
4.92 98.02 158.33 160 160 
4.92 98.04 157.55 160 160 
4.92 98.06 156.78 160 160 
4.92 98.09 156.01 160 160 
4.92 98.11 155.26 160 160 
4.92 98.13 154.51 160 160 
4.92 98.15 153.76 160 160 
4.92 98.17 153.03 160 160 
4.92 98.19 152.30 160 160 
4.93 98.21 151.58 160 160 
4.93 98.24 150.86 160 160 
4.93 98.26 150.16 160 160 
4.93 98.28 149.46 160 160 
4.93 98.30 148.76 160 160 
4.93 98.32 148.07 160 160 
4.93 98.35 147.39 160 160 
4.93 98.37 146.72 160 160 
4.93 98.39 146.05 160 160 
4.93 98.41 145.39 160 160 
4.94 98.44 144.73 160 160 
4.94 98.46 144.08 160 160 
4.94 98.48 143.44 160 160 
4.94 98.51 142.80 160 160 
4.94 98.53 142.17 160 160 
4.94 98.55 141.54 160 160 
4.94 98.58 140.92 160 160 
4.94 98.60 140.31 160 160 
4.94 98.62 139.70 160 160 
4.94 98.65 139.09 160 160 
4.95 98.67 138.49 160 160 
4.95 98.69 137.90 160 160 
4.95 98.72 137.31 160 160 
4.95 98.74 136.73 160 160 
4.95 98.77 136.15 160 160 
4.95 98.79 135.58 160 160 
4.95 98.82 135.01 160 160 
4.95 98.84 134.44 160 160 
4.95 98.87 133.89 160 160 
4.95 98.89 133.33 160 160 
4.96 98.92 132.78 160 160 
4.96 98.94 132.24 160 160 
4.96 98.97 131.70 160 160 
4.96 98.99 131.16 160 160 
4.96 99.02 130.63 160 160 
4.96 99.04 130.11 160 160 
4.96 99.07 129.58 160 160 
4.96 99.09 129.07 160 160 
4.96 99.12 128.55 160 160 
4.96 99.15 128.04 160 160 
4.97 99.17 127.54 160 160 
4.97 99.20 127.04 160 160 
4.97 99.23 126.54 160 160 
4.97 99.25 126.05 160 160 
4.97 99.28 125.56 160 160 
4.97 99.31 125.07 160 160 
4.97 99.33 124.59 160 160 
4.97 99.36 124.11 160 160 
4.97 99.39 123.64 160 160 
4.98 99.41 123.17 160 160 
4.98 99.44 122.70 160 160 
4.98 99.47 122.24 160 160 
4.98 99.50 121.78 160 160 
4.98 99.52 121.32 160 160 
4.98 99.55 120.87 160 160 
4.98 99.58 120.42 160 160 
4.98 99.61 119.98 160 160 
4.98 99.64 119.54 160 160 
4.98 99.66 119.10 160 160 
4.99 99.69 118.66 160 160 
4.99 99.72 118.23 160 160 
4.99 99.75 117.80 160 160 
4.99 99.78 117.38 160 160 
4.99 99.81 116.96 160 160 
4.99 99.84 116.54 160 160 
4.99 99.87 116.12 160 160 
4.99 99.90 115.71 160 160 
4.99 99.93 115.30 160 160 
4.99 99.96 114.89 160 160 
5.00 99.98 114.49 160 160 
5.00 100.01 114.09 160 160 
5.00 100.04 113.69 160 160 
5.00 100.07 113.30 160 160 
5.00 100.10 112.90 160 160 
5.00 100.14 112.51 160 160 
5.00 100.17 112.13 160 160 
5.00 100.20 111.74 160 160 
5.00 100.23 111.36 160 160 
5.00 100.26 110.99 160 160 
5.01 100.29 110.61 160 160 
5.01 100.32 110.24 160 160 
5.01 100.35 109.87 160 160 
5.01 100.38 109.50 160 160 
5.01 100.41 109.13 160 160 
5.01 100.45 108.77 160 160 
5.01 100.48 108.41 160 160 
5.01 100.51 108.05 160 160 
5.01 100.54 107.70 160 160 
5.02 100.57 107.35 160 160 
5.02 100.60 106.99 160 160 
5.02 100.64 106.65 160 160 
5.02 100.67 106.30 160 160 
5.02 100.70 105.96 160 160 
5.02 100.73 105.62 160 160 
5.02 100.77 105.28 160 160 
5.02 100.80 104.94 160 160 
5.02 100.83 104.61 160 160 
5.02 100.87 104.28 160 160 
5.03 100.90 103.95 160 160 
5.03 100.93 103.62 160 160 
5.03 100.97 103.29 160 160 
5.03 101.00 102.97 160 160 
5.03 101.03 102.65 160 160 
5.03 101.07 102.33 160 160 
5.03 101.10 102.01 160 160 
5.03 101.14 101.70 160 160 
5.03 101.17 101.39 160 160 
5.03 101.21 303.23 160 160 
5.04 101.24 302.30 160 160 
5.04 101.28 301.38 160 160 
5.04 101.31 300.47 160 160 
5.04 101.35 299.56 160 160 
5.04 101.38 298.66 160 160 
5.04 101.42 297.76 160 160 
5.04 101.45 296.87 160 160 
5.04 101.49 295.98 160 160 
5.04 101.52 295.10 160 160 
5.04 101.56 294.23 160 160 
5.05 101.59 293.36 160 160 
5.05 101.63 292.50 160 160 
5.05 101.67 291.64 160 160 
5.05 101.70 290.78 160 160 
5.05 101.74 289.94 160 160 
5.05 101.78 289.09 160 160 
5.05 101.81 288.26 160 160 
5.05 101.85 287.43 160 160 
5.05 101.89 286.60 160 160 
5.05 101.92 285.78 160 160 
5.06 101.96 284.96 160 160 
5.06 102.00 284.15 160 160 
5.06 102.04 283.34 160 160 
5.06 102.07 282.54 160 160 
5.06 102.11 281.74 160 160 
5.06 102.15 280.95 160 160 
5.06 102.19 280.16 160 160 
5.06 102.22 279.38 160 160 
5.06 102.26 278.60 160 160 
5.07 102.30 277.82 160 160 
5.07 102.34 277.06 160 160 
5.07 102.38 276.29 160 160 
5.07 102.42 275.53 160 160 
5.07 102.46 274.77 160 160 
5.07 102.50 274.02 160 160 
5.07 102.54 273.28 160 160 
5.07 102.57 272.53 160 160 
5.07 102.61 271.80 160 160 
5.07 102.65 271.06 160 160 
5.08 102.69 270.33 160 160 
5.08 102.73 269.61 160 160 
5.08 102.77 268.88 160 160 
5.08 102.81 268.17 160 160 
5.08 102.85 267.45 160 160 
5.08 102.89 266.74 160 160 
5.08 102.94 266.04 160 160 
5.08 102.98 265.34 160 160 
5.08 103.02 264.64 160 160 
5.08 103.06 263.95 160 160 
5.09 103.10 263.26 160 160 
5.09 103.14 262.57 160 160 
5.09 103.18 261.89 160 160 
5.09 103.22 261.21 160 160 
5.09 103.27 260.54 160 160 
5.09 103.31 259.87 160 160 
5.09 103.35 259.20 160 160 
5.09 103.39 258.54 160 160 
5.09 103.43 257.88 160 160 
5.09 103.48 257.22 160 160 
5.10 103.52 256.57 160 160 
5.10 103.56 255.92 160 160 
5.10 103.61 255.28 160 160 
5.10 103.65 254.64 160 160 
5.10 103.69 254.00 160 160 
5.10 103.73 253.36 160 160 
5.10 103.78 252.73 160 160 
5.10 103.82 252.11 160 160 
5.10 103.87 251.48 160 160 
5.11 103.91 250.86 160 160 
5.11 103.95 250.24 160 160 
5.11 104.00 249.63 160 160 
5.11 104.04 249.02 160 160 
5.11 104.09 248.41 160 160 
5.11 104.13 247.80 160 160 
5.11 104.18 247.20 160 160 
5.11 104.22 246.60 160 160 
5.11 104.27 246.01 160 160 
5.11 104.31 245.42 160 160 
5.12 104.36 244.83 160 160 
5.12 104.40 244.24 160 160 
5.12 104.45 243.66 160 160 
5.12 104.49 243.08 160 160 
5.12 104.54 242.50 160 160 
5.12 104.59 241.93 160 160 
5.12 104.63 241.36 160 160 
5.12 104.68 240.79 160 160 
5.12 104.73 240.23 160 160 
5.12 104.77 239.66 160 160 
5.13 104.82 239.10 160 160 
5.13 104.87 238.55 160 160 
5.13 104.91 237.99 160 160 
5.13 104.96 237.44 160 160 
5.13 105.01 236.90 160 160 
5.13 105.06 236.35 160 160 
5.13 105.10 235.81 160 160 
5.13 105.15 235.27 160 160 
5.13 105.20 234.73 160 160 
5.13 105.25 234.20 160 160 
5.14 105.30 233.67 160 160 
5.14 105.35 233.14 160 160 
5.14 105.39 232.61 160 160 
5.14 105.44 232.09 160 160 
5.14 105.49 231.57 160 160 
5.14 105.54 231.05 160 160 
5.14 105.59 230.53 160 160 
5.14 105.64 230.02 160 160 
5.14 105.69 229.51 160 160 
5.14 105.74 229.00 160 160 
5.15 105.79 228.49 160 160 
5.15 105.84 227.99 160 160 
5.15 105.89 227.49 160 160 
5.15 105.94 226.99 160 160 
5.15 105.99 226.49 160 160 
5.15 106.04 226.00 160 160 
5.15 106.09 225.51 160 160 
5.15 106.14 225.02 160 160 
5.15 106.20 224.53 160 160 
5.16 106.25 224.05 160 160 
5.16 106.30 223.57 160 160 
5.16 106.35 223.09 160 160 
5.16 106.40 222.61 160 160 
5.16 106.45 222.13 160 160 
5.16 106.51 221.66 160 160 
5.16 106.56 221.19 160 160 
5.16 106.61 220.72 160 160 
5.16 106.66 220.26 160 160 
5.16 106.72 219.79 160 160 
5.17 106.77 219.33 160 160 
5.17 106.82 218.87 160 160 
5.17 106.88 218.41 160 160 
5.17 106.93 217.96 160 160 
5.17 106.98 217.50 160 160 
5.17 107.04 217.05 160 160 
5.17 107.09 216.60 160 160 
5.17 107.15 216.16 160 160 
5.17 107.20 215.71 160 160 
5.17 107.26 215.27 160 160 
5.18 107.31 214.83 160 160 
5.18 107.37 214.39 160 160 
5.18 107.42 213.95 160 160 
5.18 107.48 213.52 160 160 
5.18 107.53 213.08 160 160 
5.18 107.59 212.65 160 160 
5.18 107.64 212.23 160 160 
5.18 107.70 211.80 160 160 
5.18 107.75 211.37 160 160 
5.18 107.81 210.95 160 160 
5.19 107.87 210.53 160 160 
5.19 107.92 210.11 160 160 
5.19 107.98 209.69 160 160 
5.19 108.04 209.28 160 160 
5.19 108.09 208.86 160 160 
5.19 108.15 208.45 160 160 
5.19 108.21 208.04 160 160 
5.19 108.27 207.63 160 160 
5.19 108.32 207.23 160 160 
5.20 108.38 206.82 160 160 
5.20 108.44 206.42 160 160 
5.20 108.50 206.02 160 160 
5.20 108.56 205.62 160 160 
5.20 108.62 205.22 160 160 
5.20 108.68 204.83 160 160 
5.20 108.73 204.43 160 160 
5.20 108.79 204.04 160 160 
5.20 108.85 203.65 160 160 
5.20 108.91 203.26 160 160 
5.21 108.97 202.87 160 160 
5.21 109.03 202.49 160 160 
5.21 109.09 202.11 160 160 
5.21 109.15 201.72 160 160 
5.21 109.21 201.34 160 160 
5.21 109.27 200.96 160 160 
5.21 109.34 200.59 160 160 
5.21 109.40 200.21 160 160 
5.21 109.46 199.84 160 160 
5.21 109.52 199.46 160 160 
5.22 109.58 199.09 160 160 
5.22 109.64 198.73 160 160 
5.22 109.70 198.36 160 160 
5.22 109.77 197.99 160 160 
5.22 109.83 197.63 160 160 
5.22 109.89 197.26 160 160 
5.22 109.95 196.90 160 160 
5.22 110.02 196.54 160 160 
5.22 110.08 196.18 160 160 
5.22 110.14 195.83 160 160 
5.23 110.21 195.47 160 160 
5.23 110.27 195.12 160 160 
5.23 110.33 194.77 160 160 
5.23 110.40 194.42 160 160 
5.23 110.46 194.07 160 160 
5.23 110.53 193.72 160 160 
5.23 110.59 193.37 160 160 
5.23 110.66 193.03 160 160 
5.23 110.72 192.68 160 160 
5.23 110.79 192.34 160 160 
